1.479954164404786721e-01 5.893550751131046254e-03
1.596254590167046350e-01 6.724093797668560975e-03
1.973369411818000629e-01 8.821086180747889430e-03
2.152913103185171151e-01 9.940283816563427396e-03
2.327246713362411124e-01 1.084591065151646605e-02
2.435573536510514392e-01 1.163919210261528565e-02
2.637976799176871556e-01 1.291505811407759816e-02
2.695802511086642927e-01 1.343207012242212360e-02
2.749091388026292937e-01 1.425746427006813200e-02
2.918892846803708974e-01 1.554718979367567325e-02
2.998126255920986472e-01 1.635694503873419414e-02
3.079094938132961867e-01 1.713061043446094389e-02
3.161348803101373672e-01 1.765001533535745168e-02
3.204862682564285081e-01 1.816656333805797413e-02
3.271742617774141548e-01 1.869668898409355962e-02
3.255488640983889015e-01 1.921736412669061006e-02
3.230863896801432489e-01 1.968307554123693501e-02
3.323962181411954098e-01 2.065239582551253728e-02
3.266496458937530600e-01 2.069234755676685814e-02
3.323726668817083563e-01 2.152280268187368659e-02
3.444979826855481542e-01 2.362016672834533343e-02
3.368845199615666530e-01 2.456810211716299597e-02
3.367292259067088955e-01 2.589073734445093006e-02
3.291295638668562673e-01 2.686452117271418902e-02
3.186474304156203807e-01 2.676255080150959781e-02
2.844340125110684792e-01 2.474117851794210149e-02
3.198395388455557153e-01 2.736994533511826963e-02
