1.722975272457105134e-01 6.103477341138034001e-03
1.897034225560530474e-01 7.338358441237318071e-03
2.301140611754149690e-01 9.404758249407781795e-03
2.471513861684331292e-01 1.032678534888997052e-02
2.644284894236429428e-01 1.101147801106868405e-02
2.735526332929221760e-01 1.158961783130095687e-02
2.923076329707849363e-01 1.250157535238746558e-02
2.962770104088264245e-01 1.279021349848304123e-02
2.996765757072623604e-01 1.328009778000223753e-02
3.145506297940783291e-01 1.415058228796635051e-02
3.202588078103999480e-01 1.465544704046109481e-02
3.268129042863971434e-01 1.515432595099651218e-02
3.353858098716345770e-01 1.551529148122714370e-02
3.416051019072014472e-01 1.582898389315774701e-02
3.516110700394679545e-01 1.629499409484599232e-02
3.535672245348030485e-01 1.683409237314799703e-02
3.542149672088075185e-01 1.710021967051181604e-02
3.643396633982644572e-01 1.788736883057907151e-02
3.567500803910188534e-01 1.786557471330361621e-02
3.581730923931072397e-01 1.819258049827833165e-02
3.660809370894328452e-01 1.917967883325791267e-02
3.601078899556955926e-01 1.974338674842216271e-02
3.613527830072851832e-01 2.040254539780305895e-02
3.576675276019474770e-01 2.029401024207076396e-02
3.546876648689623046e-01 2.013064273403741833e-02
3.129006592807267451e-01 1.821763251142383133e-02
3.506342313815445366e-01 1.894084590454285164e-02
