2.711954453906523788e-01 4.879591034678259359e-03
3.225021979127304927e-01 8.745314138266820428e-03
3.610237118707749215e-01 1.065858625667959886e-02
3.674322063287140394e-01 1.090683688794569055e-02
3.755513406667068121e-01 1.103061613163918916e-02
3.747057110983486594e-01 1.105195509862484660e-02
3.881603238389293442e-01 1.135405350620516222e-02
3.857501199782243928e-01 1.147981482965903556e-02
3.860482424773494237e-01 1.140840256828902152e-02
3.962791793422792974e-01 1.135167895001106680e-02
4.009095333536117356e-01 1.104619201836402366e-02
4.065434617703050368e-01 1.078069422209449596e-02
4.113893743166737171e-01 1.069007696818906512e-02
4.137574375559909812e-01 1.042053885358630236e-02
4.153348087072810113e-01 1.008209820302293988e-02
4.145294495799288770e-01 9.700281120764387907e-03
4.146212960158303651e-01 9.200471664755240433e-03
4.220253628563264137e-01 9.034533639406349889e-03
4.148857899508950897e-01 8.639379176869382837e-03
4.164029737591791736e-01 8.362728876751945178e-03
4.198697716432684968e-01 8.117772563872338240e-03
4.171703594626835487e-01 7.914498120180904137e-03
4.163526217830433307e-01 7.495412432212301447e-03
4.132897997586676975e-01 7.273144695748938980e-03
4.066493906484883736e-01 6.806549249152868755e-03
3.531130308080306368e-01 5.571853719315698894e-03
4.116618317275348438e-01 5.059259801438171882e-03
