3.128457026639467342e-01 7.858888042629920065e-03
3.837976999608390116e-01 1.161155851089099023e-02
4.149401185352302179e-01 1.328729330068663568e-02
4.134859563765803103e-01 1.315932325528160023e-02
4.153625889125448500e-01 1.272615822102710244e-02
4.083876119575562957e-01 1.216632536402608745e-02
4.170671848004227078e-01 1.202432293111397460e-02
4.112401804592165644e-01 1.129673723218615339e-02
4.087191671820538108e-01 1.093844657485236287e-02
4.161912807349222310e-01 1.061746226450515848e-02
4.187517827746114474e-01 1.008963316403558783e-02
4.227219340726430796e-01 9.769394290786178811e-03
4.252017945012135924e-01 9.427594509005291987e-03
4.254807179060084432e-01 9.159534751915648226e-03
4.246359104433834464e-01 8.847079785791016338e-03
4.229686498959124852e-01 8.586998909809693062e-03
4.225085090725004822e-01 8.026755544897078848e-03
4.272897302606836756e-01 7.677511867434865835e-03
4.199270471938866822e-01 7.312328047199495931e-03
4.196978735832453400e-01 7.101677745312876336e-03
4.204476855294798643e-01 7.143866149692669303e-03
4.176183016849936980e-01 6.924773438115890307e-03
4.160692355506534490e-01 6.856632326921713316e-03
4.138358697196442559e-01 6.874196520006712989e-03
4.064353131253928275e-01 6.632423101695403105e-03
3.514115499617591065e-01 5.753129303529109888e-03
4.127439005011638851e-01 6.014818969279097857e-03
