1.740810271959980227e-01 5.518095861546654102e-03
1.923269988695768262e-01 7.081927970206698848e-03
2.340997436122150555e-01 9.199149321919966593e-03
2.522978350790834878e-01 1.024195623725640027e-02
2.708640762218856302e-01 1.109794845895563202e-02
2.811750350970086409e-01 1.199066057050378505e-02
3.014870809273182406e-01 1.311487781377971076e-02
3.066332152478088990e-01 1.381294528609765780e-02
3.112194516199251471e-01 1.446908453172682935e-02
3.277911222192837482e-01 1.552938633064919124e-02
3.348886302387729108e-01 1.616933045926035456e-02
3.429187321451991899e-01 1.665660989350390211e-02
3.531257512614962568e-01 1.721660371234764314e-02
3.609123523047059190e-01 1.761658453523390344e-02
3.727628556725817721e-01 1.812932192427365446e-02
3.761272356219291235e-01 1.858931751146626621e-02
3.781136740084918846e-01 1.887750765463454272e-02
3.902605213552602370e-01 1.976630638509905766e-02
3.834466428017829775e-01 1.980130498087000895e-02
3.863016019103549525e-01 2.029094129983760944e-02
3.961898630627040951e-01 2.131437186278941492e-02
3.910673642550979712e-01 2.195044871392476393e-02
3.937703700040314780e-01 2.256369638487332532e-02
3.910964149664966638e-01 2.259307979367278230e-02
3.891733563342636426e-01 2.266840073055304342e-02
3.445055203513558983e-01 2.044296364956779688e-02
3.873795696795916954e-01 2.125981641878764428e-02
