1.479781957532080028e-01 5.897111660163044909e-03
1.595590770189555530e-01 6.722440946368380028e-03
1.971957914701041870e-01 8.789784050141871696e-03
2.150728769185074052e-01 9.899441382076641302e-03
2.324189114003351597e-01 1.081270933997119550e-02
2.431645030452599943e-01 1.162835133511340609e-02
2.632932927725416539e-01 1.288891231137185081e-02
2.689842129003056082e-01 1.347637921823387382e-02
2.742191553165578832e-01 1.426641278387158311e-02
2.910694714301884645e-01 1.557294051492558347e-02
2.988810059819596576e-01 1.641233544196961727e-02
3.068607710283187129e-01 1.732799886232045880e-02
3.149637709858474910e-01 1.804372690303979176e-02
3.192033977573268122e-01 1.876511443272641314e-02
3.257670117349622529e-01 1.957322723775348564e-02
3.240515110080584016e-01 2.040166167174675346e-02
3.215040317158047167e-01 2.108725888521304978e-02
3.306691869947915308e-01 2.254974909075613612e-02
3.248551371788503395e-01 2.269352198825930894e-02
3.304477070042274867e-01 2.350096993933278519e-02
3.424002061872005176e-01 2.548329957288657244e-02
3.347328100295480779e-01 2.646265319461540283e-02
3.344782894686814112e-01 2.742499770728757183e-02
3.268315017418533808e-01 2.812338551169574902e-02
3.163277770612442086e-01 2.776677248010015614e-02
2.822788440357550943e-01 2.499293333777732884e-02
3.173210235883203167e-01 2.735209017464694872e-02
