2.302197406922782685e-01 6.209634384669495376e-03
2.656876201009809590e-01 8.465524102496112605e-03
3.060487095725780149e-01 1.036237302382447996e-02
3.172826350910313842e-01 1.071390817011572648e-02
3.289689720078040058e-01 1.086808163674768575e-02
3.323414507091383974e-01 1.086188461265480236e-02
3.487305749853759629e-01 1.127374255213205688e-02
3.489683940872211898e-01 1.098609593161835665e-02
3.515883557072298493e-01 1.094832979031574137e-02
3.638431272380314718e-01 1.102490668710351569e-02
3.699908456242504973e-01 1.082599865532089638e-02
3.765064582927085679e-01 1.076759344606588974e-02
3.824916081420879355e-01 1.065879727669274100e-02
3.851068959538895276e-01 1.052212054697390133e-02
3.875281844696442657e-01 1.029545323301936030e-02
3.865244396536345883e-01 1.028189609734030466e-02
3.861002359516195193e-01 9.907458438303033688e-03
3.943632802869490583e-01 9.881821129966692624e-03
3.874724385710302532e-01 9.414991607817550789e-03
3.906287482506327069e-01 9.285381206867473342e-03
3.962726212936588110e-01 9.507367040379650219e-03
3.933367360613432284e-01 9.364972839410887206e-03
3.922345861756769136e-01 9.313551739750102962e-03
3.881803265347612553e-01 9.265545983648565409e-03
3.804144090518882249e-01 8.913255621698640621e-03
3.321163079267683838e-01 7.678969179139421078e-03
3.847729615602153430e-01 7.471013464372635270e-03
