3.157216708002790750e-01 5.350257027351418629e-03
3.874983836060206799e-01 1.021402447086959021e-02
4.191276216940306165e-01 1.199456073264416021e-02
4.178447491281194193e-01 1.201924785166660903e-02
4.199280562581702569e-01 1.186587491111055701e-02
4.130602490530088655e-01 1.159645133949968945e-02
4.220269567852677484e-01 1.162455644633420687e-02
4.163159419190790578e-01 1.159237280977530593e-02
4.139480433413013638e-01 1.137465417996420987e-02
4.217034321304712341e-01 1.113684324308600662e-02
4.244867669808249366e-01 1.067495599860030127e-02
4.287020880717477000e-01 1.031003071665068278e-02
4.314090321616669832e-01 1.008608421074946686e-02
4.318842405008253005e-01 9.721110896098429655e-03
4.312186354961082824e-01 9.334549142950244668e-03
4.297167774731489032e-01 8.853633511540143219e-03
4.294404209481362811e-01 8.284674888494717587e-03
4.344934599050901403e-01 7.982919313119804169e-03
4.271967753951815272e-01 7.604715580867513550e-03
4.271537421335326323e-01 7.252507195912969926e-03
4.281074065852971122e-01 6.870729172318011321e-03
4.254158112890173982e-01 6.584527173618643509e-03
4.240265379454048467e-01 6.173493404174721852e-03
4.219382456920766078e-01 5.902639377758218259e-03
4.145773062286601807e-01 5.425622878601129954e-03
3.586108713006124216e-01 4.442572967741040615e-03
4.213872708549744051e-01 3.928551382535998282e-03
