2.324257206785829144e-01 4.976484537335862206e-03
2.686089386006595414e-01 7.887125460685583470e-03
3.098469397250442348e-01 9.867669332639508739e-03
3.216699403242049282e-01 1.033927587501199709e-02
3.339847435979441115e-01 1.071030022760035942e-02
3.378809593378245824e-01 1.098194373392712316e-02
3.550395622875349155e-01 1.157813436388923679e-02
3.557790202300880611e-01 1.184059568434461113e-02
3.589518858855066941e-01 1.192602100170073523e-02
3.719833046298570145e-01 1.212705750323068467e-02
3.787980787526553650e-01 1.205046970647266798e-02
3.860083819614364420e-01 1.197471763682989541e-02
3.926935179417502808e-01 1.204553139360644946e-02
3.959320268215316685e-01 1.190514888584933914e-02
3.989791012650319435e-01 1.165612488085463957e-02
3.985027562336888041e-01 1.141466186648749589e-02
3.986226331582811699e-01 1.108108412161671816e-02
4.077236216933992630e-01 1.113475855128466009e-02
4.011601039519819834e-01 1.072745622872527463e-02
4.049940449977955104e-01 1.059175576370804429e-02
4.114205870017477173e-01 1.061834809321395186e-02
4.089441290904406445e-01 1.048682874774777875e-02
4.083690974859116585e-01 1.020620879629876437e-02
4.047138078257567217e-01 1.006960387347148426e-02
3.971723215428671350e-01 9.600719473843806820e-03
3.472319942197610310e-01 8.047997373909430638e-03
4.028483559715201334e-01 7.732637831488897370e-03
