2.686802224957146601e-01 6.744656466967540939e-03
3.192406431696445668e-01 9.696885842375328052e-03
3.570700430897736921e-01 1.152491496519737237e-02
3.631007115554698017e-01 1.163836706058621502e-02
3.708099563816861788e-01 1.150827813708666346e-02
3.696617991467293640e-01 1.123939893168355089e-02
3.826111239623824489e-01 1.135645297960722819e-02
3.799134869372811640e-01 1.082791634320176381e-02
3.798852327906457882e-01 1.061003249539528397e-02
3.896227232190042633e-01 1.044356163575617565e-02
3.938416086567926855e-01 1.003360204053562084e-02
3.990381189033290754e-01 9.787452698557408404e-03
4.034527354001753996e-01 9.540475237057845226e-03
4.054316027219938001e-01 9.315246930774448084e-03
4.066327049808287075e-01 9.019716095378337711e-03
4.055006506737535710e-01 8.859505284025190677e-03
4.052471423263956374e-01 8.339386238470121102e-03
4.121346211081216571e-01 8.090956074976571669e-03
4.048193819994982401e-01 7.648243409264648962e-03
4.059557995367592542e-01 7.429764780319681426e-03
4.089890938564025302e-01 7.519686977797141250e-03
4.060156299438246186e-01 7.326400197285787806e-03
4.048767173336949021e-01 7.225025670076086134e-03
4.015580870445100148e-01 7.177026979114565879e-03
3.947716949427536592e-01 6.906234507219441605e-03
3.425088640576117172e-01 5.940295550898557625e-03
3.989613856869467790e-01 5.823887271687470078e-03
