1.009095187620413503e+00 3.428178743422242991e-02
2.740967705606106586e-01 1.130889521321906850e-02
4.063580963851099459e-01 1.609914003535531379e-02
4.401081988920776400e-01 1.731980744370700126e-02
4.823529701114875889e-01 1.833083549387136760e-02
5.132116896823714081e-01 1.918129655368665601e-02
5.495144974717378616e-01 2.020152875324723526e-02
5.481187788114486592e-01 1.942161722826908285e-02
5.613925112489731584e-01 1.975475504696496201e-02
5.830327659661124207e-01 2.016715547479233997e-02
5.811960535342332035e-01 2.010562024094449812e-02
5.974493607434352427e-01 2.019736791788919600e-02
6.197780510206939431e-01 2.043930011149207304e-02
6.235353703099832945e-01 1.999668584907246527e-02
6.312400028252778128e-01 1.954798210142219897e-02
6.327847743036115746e-01 1.957766707817035906e-02
6.366812639889481984e-01 1.867724171680422082e-02
6.474949420085150953e-01 1.837123119757695308e-02
6.509838127200812119e-01 1.829619131601176174e-02
6.682344070763454047e-01 1.841541407212381881e-02
6.720683722080388334e-01 1.863117338863391412e-02
6.560817978028720132e-01 1.877188662604983155e-02
6.585811668084613490e-01 1.864720137096330735e-02
6.633444824204610679e-01 1.850241662670397066e-02
6.598067060067897005e-01 1.796259402641296743e-02
5.714789339638783883e-01 1.528580854936539661e-02
3.831863745363059404e-01 3.907330311988541777e-02
