6.770583450874105846e-01 1.959255207958104927e-02
1.566952475853280458e-01 7.661809714465919914e-03
2.508648944699648498e-01 1.158199849708265415e-02
2.873213548050085331e-01 1.408632131187274351e-02
3.364404980678584178e-01 1.578763690969531633e-02
3.756399695827832841e-01 1.729340848378650708e-02
4.227182943354845790e-01 1.983459342089114244e-02
4.313419137213795329e-01 2.069859772356935634e-02
4.489918053984002788e-01 2.247641282314610106e-02
4.741280696628548674e-01 2.457316924304637357e-02
4.756172894561724873e-01 2.610842356828311367e-02
4.986356355193239942e-01 2.920943875257032973e-02
5.391188823731840607e-01 3.262842738522047509e-02
5.426968147623089100e-01 3.307374069608520067e-02
5.595640064460504215e-01 3.489559423959593537e-02
5.861602540099343228e-01 3.701359457951892973e-02
6.036676442258643860e-01 3.871067879676252932e-02
6.064461207171357726e-01 4.256209393406987923e-02
6.189150431857413093e-01 4.415921185935074017e-02
6.422519964454316277e-01 4.711997356339855947e-02
6.666736344336985365e-01 5.232255666400431604e-02
6.168410836374669248e-01 5.569581329524049551e-02
6.039514403510068963e-01 5.792871152191717693e-02
6.075073970651000410e-01 6.064395184443754916e-02
5.984123174270997714e-01 6.161184272241070070e-02
5.335057659623214654e-01 5.556715232802854343e-02
3.004726586908975094e-01 1.081644834384437870e-01
