7.620019835436282474e-01 2.190343272290087503e-02
1.894852757445592839e-01 8.590167625881007726e-03
2.934552437178373774e-01 1.263293593603446834e-02
3.263793891926492496e-01 1.484243932436460876e-02
3.792413304278495212e-01 1.674562810118620029e-02
4.269217969777481803e-01 1.857506637925844875e-02
4.765000654132064972e-01 2.068087387174834951e-02
4.814528354982769431e-01 2.165163398509483209e-02
4.919584308635114311e-01 2.271382688125488797e-02
5.165020486792543108e-01 2.520462166554367570e-02
5.206049567511498166e-01 2.651017069249352390e-02
5.435368734864913787e-01 2.795786837766193675e-02
5.693883962879957572e-01 2.987354049535864350e-02
5.627305590486648690e-01 3.001462021879773914e-02
5.795974512201433892e-01 3.140019227269078700e-02
5.987570285162027162e-01 3.311300737704533231e-02
6.087833849416819376e-01 3.469435432157468718e-02
6.174520103241157853e-01 3.634246788180460486e-02
6.351247337981825725e-01 3.690138264013344271e-02
6.882030292844372177e-01 4.005153122813404076e-02
7.209540689204578801e-01 4.338565334326289352e-02
6.941390536032525649e-01 4.504226823838532179e-02
6.809190461868209754e-01 4.664699789426297871e-02
6.585912141406525810e-01 4.731436955423238416e-02
6.624942208978101821e-01 4.865591148777347053e-02
5.783480673787778636e-01 4.449701721054347137e-02
1.869542739396000408e-01 9.832975381297756612e-02
