8.906410807327542756e-01 2.314446618821517851e-02
2.277130876691356720e-01 9.491283836104673008e-03
3.505423611136787576e-01 1.348514211966999991e-02
3.900008028578136332e-01 1.514014566262135951e-02
4.352768051146221895e-01 1.616824137024299585e-02
4.676129089316432563e-01 1.712719402013019449e-02
5.071996166137665574e-01 1.912954632207205727e-02
5.086518343374262230e-01 1.957661559323798511e-02
5.266961161285967918e-01 2.069222536564475912e-02
5.519073730415745560e-01 2.157884191673232685e-02
5.555477209932907501e-01 2.200370609148777010e-02
5.818340594314475034e-01 2.352286077900102648e-02
6.126087370345113525e-01 2.490027336536652577e-02
6.196618115716474584e-01 2.505720520459699466e-02
6.268804561510814555e-01 2.520956992048776699e-02
6.364726937774795035e-01 2.565540114320165668e-02
6.439461239984394236e-01 2.471872462495986258e-02
6.522482443058874590e-01 2.498813341203146021e-02
6.559005760425751230e-01 2.564117534489207886e-02
6.756617062990317724e-01 2.715134345105645400e-02
6.795693132391624758e-01 2.900582907464793053e-02
6.589650125690206250e-01 2.967286760321960828e-02
6.573241511394293246e-01 2.942083038854259244e-02
6.713508710221646192e-01 3.012390385979829555e-02
6.656807646808109435e-01 2.932619702897208344e-02
5.902354476032674047e-01 2.544616025237330173e-02
4.128535255686722749e-01 5.891471935271445914e-02
