6.670283060038822986e-01 2.416518961710638347e-02
1.537215187334093069e-01 7.622808629129133352e-03
2.450639367500122567e-01 1.175558972213767463e-02
2.794911708762686797e-01 1.416849097211879231e-02
3.258885693161541197e-01 1.583351525622575875e-02
3.623208529638509701e-01 1.723377662642291974e-02
4.060067462082124767e-01 1.935701115682168794e-02
4.125385521746465223e-01 1.956593022102618568e-02
4.276042045674108838e-01 2.127739734172153299e-02
4.496347751944199667e-01 2.308588273823839604e-02
4.491408242007461915e-01 2.443698213687029927e-02
4.688877467023365164e-01 2.704084908494694753e-02
5.048132982926401002e-01 2.983917116916217499e-02
5.060159303671158959e-01 2.985721946734934754e-02
5.195380510752984904e-01 3.170366880169073892e-02
5.419317922614086402e-01 3.389097108310049067e-02
5.557594225204977034e-01 3.569678200558586839e-02
5.559578042204901260e-01 3.954127676471769215e-02
5.649907274186095618e-01 4.042229579497914893e-02
5.838165705821897200e-01 4.260358727032856341e-02
6.034550242603285986e-01 4.707165011100657159e-02
5.559882223096231924e-01 5.014036169320040814e-02
5.420695283234313600e-01 5.191693775945853406e-02
5.429567250032701908e-01 5.375102526852007512e-02
5.325677249862343920e-01 5.425719593107593969e-02
4.727963440936708284e-01 4.903491517087634616e-02
2.651554908494612728e-01 9.592705640571236314e-02
