8.796789097799380119e-01 3.033072438106997060e-02
2.244023724220685911e-01 9.808544133679862956e-03
3.446656115203999837e-01 1.430008315146665335e-02
3.825964561811293074e-01 1.606676794275212553e-02
4.260484231061223981e-01 1.733729901949162058e-02
4.566652065235560221e-01 1.839522485272454544e-02
4.942063754337207571e-01 1.995547999742091141e-02
4.945019825535126867e-01 1.953472552507570792e-02
5.108878013303744803e-01 2.063386723583860577e-02
5.341332429494568546e-01 2.120314651113133775e-02
5.364420055659995246e-01 2.152288214528959992e-02
5.605554025761509962e-01 2.266731950541000379e-02
5.888715646359147238e-01 2.356792567250641859e-02
5.943060133641433485e-01 2.332639640826919547e-02
5.998713461319626905e-01 2.355244133175571006e-02
6.076747044346219040e-01 2.431695112159441494e-02
6.134213830226458164e-01 2.361145864490093310e-02
6.199266279047427330e-01 2.415052621297244032e-02
6.219899675230857738e-01 2.435267144284846905e-02
6.392822821831182223e-01 2.515898238205024548e-02
6.415272625575179077e-01 2.656965570010513117e-02
6.206713644380795758e-01 2.718016617846483532e-02
6.177275015393628443e-01 2.711892355428702564e-02
6.294842948637917601e-01 2.736359884783626933e-02
6.227580433744364097e-01 2.657679219785645530e-02
5.509302525053965116e-01 2.354770172597952030e-02
3.844902446278835595e-01 5.550817855475293633e-02
