7.514074170077280623e-01 2.734555058402918584e-02
1.861433655589135316e-01 8.701262111662777521e-03
2.871882625209093987e-01 1.309375917862923983e-02
3.182000585989517294e-01 1.518691021390415792e-02
3.683374774430413501e-01 1.729779229086703118e-02
4.130772669076019366e-01 1.913505732030897077e-02
4.593023302335738078e-01 2.090195147799805628e-02
4.623194353866469930e-01 2.105220992625003382e-02
4.706190772339339801e-01 2.171170234282217629e-02
4.922275152523614139e-01 2.365304004827922107e-02
4.942593062442138807e-01 2.479116284055635916e-02
5.140771333626040773e-01 2.582598017001752275e-02
5.364887321472179282e-01 2.734150476567565394e-02
5.282082873715818749e-01 2.727843879986179693e-02
5.419807926355472150e-01 2.864788268116075579e-02
5.577772172448324239e-01 3.043507421434429178e-02
5.649703494844015017e-01 3.219513011006940040e-02
5.708457761652092621e-01 3.381055258924342555e-02
5.849615587040377651e-01 3.369004190620110417e-02
6.314480102263723138e-01 3.592232944361543889e-02
6.589938088040226960e-01 3.889301680026481522e-02
6.320812892486082912e-01 4.043401863877127411e-02
6.176958100983855893e-01 4.194593483275078222e-02
5.951793080858958085e-01 4.212963666698738702e-02
5.964399205201634802e-01 4.263911114357901710e-02
5.187123834740299255e-01 3.907421947130652884e-02
1.670419086214925131e-01 8.782614543902478310e-02
