1.152071709949248346e+00 4.002514308120668635e-02
3.348118371982040653e-01 1.381173418799586973e-02
4.785442304277857106e-01 1.904936321157442436e-02
5.050276395202856206e-01 1.983124714784473969e-02
5.435327380142489506e-01 2.073854033753277579e-02
5.747078313530364913e-01 2.133602858148028747e-02
6.096185934635869330e-01 2.196465614890373563e-02
6.051754275057403820e-01 2.108037347819199242e-02
6.136273607878125480e-01 2.068482641230212637e-02
6.320233109597130916e-01 2.102193054316740459e-02
6.273374046883132271e-01 2.092030576921452556e-02
6.395886792863509918e-01 2.028215018473325179e-02
6.544491281454590803e-01 1.992776630647909164e-02
6.568485435359587843e-01 1.947584993063985678e-02
6.655605226560727949e-01 1.910346712821424375e-02
6.649476562737278718e-01 1.878963829243963241e-02
6.651905997308341645e-01 1.796763990113668316e-02
6.766383423219870519e-01 1.715519530824009473e-02
6.798086770905469312e-01 1.693449730807625522e-02
6.968406014935092374e-01 1.677369652297319713e-02
6.996559909097256336e-01 1.653731838648731314e-02
6.877607215476282398e-01 1.620371255564084095e-02
6.923060081320173698e-01 1.626766373905360469e-02
6.900513508534308338e-01 1.636583979884127099e-02
6.867369215256220460e-01 1.604584410930666449e-02
5.907249587601569596e-01 1.335994866913294693e-02
3.789258428169175463e-01 3.254923687162337292e-02
