1.020921491551790128e+00 2.544301120300781344e-02
2.777429535105608305e-01 1.074847405836680016e-02
4.124078919830603818e-01 1.491502712837364589e-02
4.473592576755948125e-01 1.599044179311119931e-02
4.910671087592368145e-01 1.665656884064796450e-02
5.233007400003782950e-01 1.723600196358756123e-02
5.611938241682370432e-01 1.871984613397888880e-02
5.606441945853499753e-01 1.900117582186165027e-02
5.751196185057940724e-01 1.944215508479601312e-02
5.982234725311948997e-01 2.021669732184196155e-02
5.972718729867634302e-01 2.021857715733610047e-02
6.149353038016265316e-01 2.072405977177571232e-02
6.389155196969994455e-01 2.129965345173428712e-02
6.437944956254547657e-01 2.105696920841223715e-02
6.527691145054209665e-01 2.052467421191458280e-02
6.553903236707484536e-01 2.026779010638202552e-02
6.604576782891240505e-01 1.915698151629692189e-02
6.727260163228727663e-01 1.858094299489604709e-02
6.774089844414048489e-01 1.881590884510709119e-02
6.964477117515301963e-01 1.958432188847841413e-02
7.015393881610981763e-01 2.001325276446535434e-02
6.859232285118747052e-01 2.034774419742159043e-02
6.896134894677680149e-01 1.994575438373611884e-02
6.956879508222714170e-01 2.001648505922997909e-02
6.930602727845248667e-01 1.947656009530260302e-02
6.012200085032184393e-01 1.611746626109238426e-02
4.037589635616501416e-01 4.078101327342290028e-02
