1.152639319291183684e+00 3.996026560833507851e-02
3.351171982735300370e-01 1.378896211703433197e-02
4.791814435294239893e-01 1.899670834627106147e-02
5.059120789962853193e-01 1.976639363233960098e-02
5.447128286163799293e-01 2.063259521988255324e-02
5.761970169835891609e-01 2.122012714516446213e-02
6.114544210720451733e-01 2.180803940943176408e-02
6.072522952852793532e-01 2.087021180368426113e-02
6.159913161556301864e-01 2.052012040377814567e-02
6.347240657351245208e-01 2.083606170823893919e-02
6.302822050262261167e-01 2.067713321750089608e-02
6.428603278208252503e-01 2.000167188894656778e-02
6.580725040422734651e-01 1.958584325612560892e-02
6.607620433239714819e-01 1.908325276011052160e-02
6.698065572054360262e-01 1.866130319399611492e-02
6.694702689039361276e-01 1.834511937181513425e-02
6.699955727628779112e-01 1.745331920463513362e-02
6.818116662054746202e-01 1.653180175876377278e-02
6.852933575138590028e-01 1.619052246611253285e-02
7.027571292236005629e-01 1.593591771008441918e-02
7.058921703434360984e-01 1.577445702102214797e-02
6.941817172712687611e-01 1.557728930051668556e-02
6.990623251876610933e-01 1.545688177293058976e-02
6.970777190129100465e-01 1.532673129582434908e-02
6.940203145694574527e-01 1.482581226171233307e-02
5.972402940795330517e-01 1.223810290532574910e-02
3.832657401519510287e-01 3.290614956191934004e-02
