1.621974175879897506e-01 3.082347244653825882e-03
1.945658146596950799e-01 5.061494784400658725e-03
2.220246128988631884e-01 6.025916346206120280e-03
2.343109450127419391e-01 6.802072418378120496e-03
2.395205086585397991e-01 6.789082847437559465e-03
2.474300655838204410e-01 7.014714392498045369e-03
2.537037378390675224e-01 7.083056717619280740e-03
2.571394753357424956e-01 7.096198939646452403e-03
2.621606074409597587e-01 7.238196859058234831e-03
2.643940579006323621e-01 7.226279518348582322e-03
2.666200174515652166e-01 7.060625567845031474e-03
2.656760974168843048e-01 6.996939508150445096e-03
2.722499274706092209e-01 7.005735617266813098e-03
2.755442157787448276e-01 6.921830682905266534e-03
2.788812879299363279e-01 7.065698665650444951e-03
2.792553620757113886e-01 7.094576111191604542e-03
2.789472080705980850e-01 7.081651884099230028e-03
2.836468797743945114e-01 7.235560972712401333e-03
2.802445239183701808e-01 6.932834558094683013e-03
2.485152905125627143e-01 6.100191399946807910e-03
2.825055557435645071e-01 5.967953942500323246e-03
