2.184286849890526572e-01 4.508742565642960901e-03
2.728922403632587645e-01 7.262377191606115938e-03
2.885118048420921566e-01 7.909423274068483681e-03
2.906377520836216921e-01 8.221492092068476490e-03
2.861179727694972419e-01 7.677104999815791489e-03
2.872719221800764666e-01 7.449942747262711974e-03
2.868275399043773710e-01 6.831707535390411055e-03
2.854831095144924058e-01 6.365997657114462645e-03
2.883612193473450991e-01 6.155069769776208913e-03
2.892946386001263304e-01 5.838533394706903364e-03
2.891781288359182023e-01 5.610844541575500839e-03
2.870862505866664804e-01 5.265236749941757527e-03
2.887090808318024115e-01 5.137114684709898939e-03
2.900012407337779208e-01 4.870317044430283980e-03
2.924086538079935238e-01 4.754637128858712689e-03
2.924485610052243723e-01 4.731974106774944691e-03
2.931892031531043163e-01 4.655076180374031862e-03
2.966371288213515145e-01 4.608343077336567693e-03
2.950181633718382823e-01 4.384450714736413957e-03
2.622590643727155113e-01 3.797232052311484782e-03
3.091561685014527772e-01 3.898052614757856974e-03
