1.200749229941115853e-01 3.876067530474935647e-03
1.398056929838298601e-01 4.888761282518145311e-03
1.700940462704471634e-01 6.021491713423853323e-03
1.887752148716538569e-01 6.975296277765070246e-03
2.000353089497116932e-01 7.406344990370246351e-03
2.135724388487015568e-01 8.063247363005263818e-03
2.269808349485925858e-01 8.543549653856577497e-03
2.379304566044740943e-01 9.019718152759693269e-03
2.454454783330593526e-01 9.579317936127703520e-03
2.519078476668594746e-01 1.008338049658747369e-02
2.617306024396605646e-01 1.051791477249000052e-02
2.641618512684903997e-01 1.104799956300934333e-02
2.742060498723605244e-01 1.189307222607049325e-02
2.776625196514341809e-01 1.244337290940734572e-02
2.818425432117406815e-01 1.363150747462714245e-02
2.824577594313563700e-01 1.518256055084925282e-02
2.793881814454214352e-01 1.588408143023150448e-02
2.896852206784956696e-01 1.749040691017753404e-02
2.827446505702512769e-01 1.742962089630619230e-02
2.504272624982448181e-01 1.655349450396457339e-02
2.645484650003528393e-01 1.730082389761027073e-02
