1.054013155925861839e-01 3.852765811186733853e-03
1.204927863896323448e-01 4.554219269822401377e-03
1.508706587530132259e-01 5.797867387287730483e-03
1.706972799151147968e-01 6.869289460877178212e-03
1.839673487670041574e-01 7.547005488845058042e-03
2.002980199724639643e-01 8.455618228939186867e-03
2.160307273738591161e-01 9.245677149116563603e-03
2.279697185706596185e-01 1.000044571706935025e-02
2.361039218551382879e-01 1.087611885004290471e-02
2.418094360145373878e-01 1.173443554608960375e-02
2.549554742927898077e-01 1.245718799711636494e-02
2.616961758276974415e-01 1.328026151560275647e-02
2.810834983007899912e-01 1.459754840241852918e-02
2.892660386136153838e-01 1.542907571612232506e-02
2.946178508689173969e-01 1.715336736651296851e-02
2.987702407058980825e-01 1.941802074975049544e-02
2.971899149617491243e-01 2.040205638461450866e-02
3.140265387143116871e-01 2.303770353977335761e-02
3.032394997958761107e-01 2.304661405555435971e-02
2.668509629041904141e-01 2.189947919185612421e-02
2.894978778475588710e-01 2.393783867411131139e-02
