1.200586633945627535e-01 3.890345482692228116e-03
1.397381043096670161e-01 4.909620742397259076e-03
1.699526366824433421e-01 6.039819705290637615e-03
1.885526198134452602e-01 6.991972719896758469e-03
1.997298898703635528e-01 7.408029819698453214e-03
2.131721236618036308e-01 8.102652441663178370e-03
2.264765274704735598e-01 8.588050474027391842e-03
2.373191858285793043e-01 9.074052283014926584e-03
2.447296848805842751e-01 9.633396040527580223e-03
2.510857790523484123e-01 1.023111805274883393e-02
2.607856720686018703e-01 1.064626447918055364e-02
2.631165252386826747e-01 1.126286030315084077e-02
2.730259089576230758e-01 1.207479801685579224e-02
2.763712691912883490e-01 1.260967299717989133e-02
2.804342056829491336e-01 1.374171168414951676e-02
2.809485204892427368e-01 1.491092227417887932e-02
2.777986135538821899e-01 1.555633058660180028e-02
2.879368076055378034e-01 1.700125117266545333e-02
2.809403033562314356e-01 1.660310175078147377e-02
2.487425370854161877e-01 1.513354022483780204e-02
2.626772754186247893e-01 1.582601710571961834e-02
