1.875481273854039399e-01 3.843765382801916323e-03
2.295267832385294027e-01 6.062530300616170847e-03
2.525249005524267121e-01 6.835442700749927436e-03
2.604648829691652567e-01 7.337839731699489706e-03
2.612466231223946056e-01 7.010830565654867577e-03
2.658143519683722755e-01 6.961152685698837085e-03
2.686964543389825377e-01 6.547492386574608504e-03
2.698411535063535149e-01 6.249335357008225893e-03
2.737740529536051293e-01 6.170241226996170912e-03
2.754264542832469687e-01 5.940136889681172858e-03
2.762645741746143080e-01 5.786256351431515003e-03
2.739960664666249990e-01 5.509258676494652347e-03
2.772561514095069901e-01 5.502652307286536731e-03
2.791805067814935315e-01 5.289354268817810477e-03
2.820130873271650129e-01 5.262372692290179579e-03
2.821239498157847581e-01 5.320947180304364671e-03
2.823431001620165248e-01 5.297575375550283260e-03
2.862750337773525833e-01 5.334514565308663865e-03
2.842398777811284138e-01 5.025347631728991488e-03
2.524202885531324214e-01 4.377209190437056710e-03
2.917935244708161902e-01 4.262279088511025660e-03
