1.614737696855607363e-01 3.692783139059356307e-03
1.937002211296970922e-01 5.390541180542347995e-03
2.210396743488529658e-01 6.275615098435878385e-03
2.332744730081263984e-01 6.939154597625231749e-03
2.384640290760227932e-01 6.831272029305183492e-03
2.463418356414300292e-01 6.981839218205070433e-03
2.525911322444724383e-01 6.812475112398443111e-03
2.560150628658684480e-01 6.714936927723100940e-03
2.610175627963752798e-01 6.824664684169224997e-03
2.632446276607081082e-01 6.769161497176326252e-03
2.654642907697360443e-01 6.730225161085186258e-03
2.645278311749887923e-01 6.636651034823646926e-03
2.710767009841596464e-01 6.772954763607924589e-03
2.743602869911618836e-01 6.676289111360870360e-03
2.776865571456617054e-01 6.796380985724112880e-03
2.780625699183427724e-01 6.990617254646896636e-03
2.777592694435262466e-01 7.065614109517037375e-03
2.824425238330965926e-01 7.249029084222110772e-03
2.790581681196728780e-01 6.915556406026541168e-03
2.474664052176630546e-01 6.117242812081912298e-03
2.813167935162392830e-01 6.162911623227030830e-03
