1.875724006043273384e-01 3.854350323905745852e-03
2.296240251175556413e-01 6.081595818914242377e-03
2.527062102783346198e-01 6.868693489606371438e-03
2.607285774011596780e-01 7.372150693642833333e-03
2.615880456668731591e-01 7.052102378371714365e-03
2.662400489642290924e-01 7.006925338330679230e-03
2.692059441801622488e-01 6.591224824085594597e-03
2.704323517861070281e-01 6.302366939511122763e-03
2.744545887793339300e-01 6.219206889367296515e-03
2.761923295797405475e-01 5.995198948175341387e-03
2.771142831834386144e-01 5.856334862242390700e-03
2.749196559006255036e-01 5.585086298698707652e-03
2.782725738103796198e-01 5.598573419709994975e-03
2.802864200096653047e-01 5.429796060282866994e-03
2.832135182422633735e-01 5.434345995327461223e-03
2.834082069257098380e-01 5.551904761358882924e-03
2.837117984492958933e-01 5.536682163292123982e-03
2.877474231872502730e-01 5.612865622450955230e-03
2.857858534278973628e-01 5.376934101879143890e-03
2.538678640859617919e-01 4.814070987429517647e-03
2.935532350461402817e-01 4.908267932903125422e-03
