1.054213576648680706e-01 3.869645506152599983e-03
1.205768718285921831e-01 4.580539530576951089e-03
1.510525786066838627e-01 5.831183154312386853e-03
1.709898570612352620e-01 6.903610815525039988e-03
1.843762127798095896e-01 7.568142258851810571e-03
2.008450757583009061e-01 8.516771105578739565e-03
2.167307090843954565e-01 9.274821891018645084e-03
2.288244772300992436e-01 1.001693996456607186e-02
2.371094748331379343e-01 1.096170298734150568e-02
2.429625535770255640e-01 1.196607842838376921e-02
2.563013138606312080e-01 1.269467283305948831e-02
2.632111357850496214e-01 1.359419045169551338e-02
2.828541953645999918e-01 1.474430049718771472e-02
2.912360382262058067e-01 1.553895110483279399e-02
2.967748645131211838e-01 1.738738182060881043e-02
3.011104216257233790e-01 1.899158175865202011e-02
2.996697527245889559e-01 1.998370550642542334e-02
3.168075959144105447e-01 2.221485342437849037e-02
3.060803130928000382e-01 2.158772845802742202e-02
2.694876029108370097e-01 1.968418756400017178e-02
2.925066832666089467e-01 2.138521411529478722e-02
