1.051470861683920788e-01 3.355200398731248562e-03
1.037547791195130159e-01 4.081754748552249637e-03
1.303344584224028491e-01 5.384859787699406222e-03
1.428492342534813386e-01 6.096089892055630600e-03
1.553029764557470604e-01 6.704365966517661368e-03
1.630881125012711708e-01 7.309761901216221130e-03
1.775564269363194836e-01 8.098059590691240178e-03
1.835144573600207829e-01 8.700287930565559630e-03
1.876985528789296143e-01 9.294823212908516138e-03
1.976651113905587565e-01 1.015345668694113412e-02
2.020793935278110132e-01 1.070516081066446266e-02
2.084212972548527276e-01 1.124558207743399547e-02
2.146984193867280677e-01 1.177164651736456631e-02
2.208469934554802283e-01 1.225852499495978971e-02
2.307256510099755797e-01 1.284951566939327404e-02
2.323984387990997158e-01 1.319411529331322372e-02
2.343204906636250640e-01 1.350732856507417222e-02
2.461405805128523971e-01 1.462194575081091422e-02
2.433676707115269011e-01 1.489196376771887050e-02
2.440562870538732498e-01 1.566318075462227663e-02
2.523493468246454929e-01 1.701888251160199594e-02
2.511781314729970016e-01 1.726725694158538077e-02
2.533842370514557407e-01 1.798461665774676865e-02
2.584088148307490673e-01 1.856721830404370333e-02
2.526982864165219778e-01 1.832450503315363396e-02
2.221224615641552713e-01 1.613798327759034812e-02
2.622712195460134010e-01 1.789414662579287205e-02
