1.586997066981273297e-01 4.223595812708842191e-03
1.747126862619658161e-01 5.519948969441509055e-03
2.036677646181164758e-01 6.823780349019274195e-03
2.110996874643816246e-01 7.061546115435878880e-03
2.189177238818676430e-01 7.134130458126805401e-03
2.207267315569290955e-01 7.099522259187384700e-03
2.309789416003776574e-01 7.330845764544248987e-03
2.313749621428075054e-01 7.114284173677688783e-03
2.328737129264617789e-01 7.090112241687173723e-03
2.403012397355731022e-01 7.127466623918564219e-03
2.437307675704182552e-01 6.974157367194341699e-03
2.481042208165519236e-01 6.877222105861589135e-03
2.517480662214598985e-01 6.741474679466301703e-03
2.538502795897806807e-01 6.626379442724904430e-03
2.557409709546356602e-01 6.456957334312974153e-03
2.554190259848004851e-01 6.372375883088048434e-03
2.556616167613234292e-01 6.091440608663753128e-03
2.620493207003647407e-01 6.035348137327809989e-03
2.576382488143499350e-01 5.835250504060422033e-03
2.582716188427205961e-01 5.848952702866133495e-03
2.604454853434923778e-01 6.170498738254245018e-03
2.587361016099575250e-01 6.200803358132755613e-03
2.582277748680745222e-01 6.273987320809131830e-03
2.571905280394521376e-01 6.377070974894405095e-03
2.522272230489689959e-01 6.284276224482436210e-03
2.187711081305928895e-01 5.454838793271721796e-03
2.558567749686954107e-01 5.989428149377972431e-03
