1.327025741488216115e-01 3.745523845261505055e-03
1.277844848402029387e-01 4.486993488349448438e-03
1.571975287388089892e-01 5.855169243880053651e-03
1.689499159527063088e-01 6.522045556018180035e-03
1.820380396833481407e-01 7.038010832795634462e-03
1.893129805179882830e-01 7.560559980250436928e-03
2.035309901894380991e-01 8.262185757557400506e-03
2.108125970878513278e-01 8.915909309538908034e-03
2.152814627195550057e-01 9.499593888052076940e-03
2.248575671224297412e-01 1.024484242664346588e-02
2.280330975549807460e-01 1.073996004499890716e-02
2.321422370152723125e-01 1.122665117159185426e-02
2.365736237427061017e-01 1.173088853078885913e-02
2.414894648001459088e-01 1.230564575786934588e-02
2.506361180382058462e-01 1.288355868281154497e-02
2.530241716227514814e-01 1.301546392887439549e-02
2.570448432174252118e-01 1.333392792627809652e-02
2.702436554530774360e-01 1.424920462806060321e-02
2.680483968501410352e-01 1.463270329068881541e-02
2.696244578590329399e-01 1.545807497503396549e-02
2.752279903740635358e-01 1.616949282841605856e-02
2.756868114927153446e-01 1.671306202029350374e-02
2.765766446262060141e-01 1.734666626202944692e-02
2.820536605243711414e-01 1.801580453074469110e-02
2.758719176792198136e-01 1.819204956270941559e-02
2.393087912512736892e-01 1.623692122355485309e-02
2.884170299986347219e-01 1.884762844524799294e-02
