1.333293772964305735e-01 3.924397514156518184e-03
1.432957633991283064e-01 4.909591258786931596e-03
1.713702580878426751e-01 6.222500391438635578e-03
1.809263313737295154e-01 6.600617198935135321e-03
1.900272370433608859e-01 6.860265700368361336e-03
1.940315701748965282e-01 7.003765103971990209e-03
2.059691169139534206e-01 7.423576443837584179e-03
2.078834252048850917e-01 7.370963349427029319e-03
2.104812550109578795e-01 7.498825565649514836e-03
2.187260039303887404e-01 7.735852424171267214e-03
2.230418568247061473e-01 7.748077640430076074e-03
2.282733638990419034e-01 7.830299582705637848e-03
2.326619131383644845e-01 7.788738656990413373e-03
2.349296602280177837e-01 7.769978583035098800e-03
2.372170359470358036e-01 7.688409230538177305e-03
2.363883883389365781e-01 7.673400872752842578e-03
2.364972033223205483e-01 7.519553648921655127e-03
2.434427039335918252e-01 7.600533272945761941e-03
2.391038305305142886e-01 7.451279249952242820e-03
2.407283960290016456e-01 7.610979934546039001e-03
2.449653036846261567e-01 8.197772653293940517e-03
2.431268642570096894e-01 8.294645468555307197e-03
2.426169346853344622e-01 8.475024321996768931e-03
2.422631886562186532e-01 8.687981658254965295e-03
2.349640468690711304e-01 8.482590819121286346e-03
2.065807864474819011e-01 7.602272618411153211e-03
2.422866096619263609e-01 8.289505675520267292e-03
