1.318803577157893203e-01 4.434427188897594081e-03
1.265119685978112196e-01 4.717769204849319060e-03
1.550429130498110764e-01 6.081933763209251310e-03
1.660033695240862306e-01 6.683266237999656648e-03
1.781860872995718048e-01 7.100812047138668585e-03
1.846055495506001565e-01 7.440749976034272475e-03
1.977186438748464725e-01 8.002050275819702282e-03
2.040169986157862880e-01 8.366618721741325704e-03
2.075530641128676135e-01 8.895045837139002945e-03
2.159646845104081780e-01 9.568871659415261605e-03
2.181854755342289842e-01 9.920939228140154484e-03
2.212762654421400466e-01 1.032854963358754811e-02
2.246465267009188360e-01 1.075598001931612861e-02
2.284463865926890103e-01 1.123066471792298453e-02
2.362014055011508185e-01 1.175151223979131743e-02
2.375491889157970160e-01 1.190182290759008235e-02
2.404103461997390279e-01 1.202824008912193286e-02
2.517981199446985840e-01 1.284217739050590862e-02
2.488071797885320346e-01 1.319285856831321248e-02
2.493226288153445047e-01 1.394882905963087776e-02
2.535407260421780884e-01 1.469372696426463412e-02
2.530019329113363247e-01 1.529737533373188435e-02
2.528576342107872743e-01 1.596000597398459717e-02
2.568887143404904871e-01 1.644445308585883864e-02
2.503072890873747069e-01 1.632642067171239872e-02
2.163103868947485187e-01 1.449359945895163128e-02
2.597121929667881579e-01 1.676325560368819440e-02
