1.044888830468435753e-01 3.727435033252973155e-03
1.026695427415646872e-01 4.139944676202175419e-03
1.284261437625001390e-01 5.412075050723190971e-03
1.401628049974625312e-01 6.059921064436179713e-03
1.517383354945776586e-01 6.557904070246240932e-03
1.586713496541762858e-01 6.994217843493115254e-03
1.720177565209788650e-01 7.670379267862401269e-03
1.770385480526435185e-01 8.052168977272865236e-03
1.803097256275660587e-01 8.568957788055150959e-03
1.890814493869235335e-01 9.332879941999067813e-03
1.924870886680165594e-01 9.772493685162055715e-03
1.976889258897839841e-01 1.025708818003880259e-02
2.027821704496190758e-01 1.066995686005013481e-02
2.077079331551035524e-01 1.111357239439636664e-02
2.160817785953126624e-01 1.167996024895695192e-02
2.167285598044246531e-01 1.208836437485469838e-02
2.175974891931541921e-01 1.228659215256147630e-02
2.276079908718558475e-01 1.330717016787034968e-02
2.240927690517947879e-01 1.346722105547475470e-02
2.237770943542588542e-01 1.412332281832830161e-02
2.304031903932248215e-01 1.530609350503049984e-02
2.283646101576426446e-01 1.560997403881201478e-02
2.293967408993353718e-01 1.631054494195456617e-02
2.329569365370256218e-01 1.672069664699586677e-02
2.268460869624674414e-01 1.629818252577540372e-02
1.985556025729948715e-01 1.426599838802225170e-02
2.334538157988740315e-01 1.571137160385921439e-02
