1.331820622372781593e-01 3.898889561151819456e-03
1.432782148794260746e-01 4.876932378002916783e-03
1.715177966898690232e-01 6.153035818411610458e-03
1.812601947740080932e-01 6.521886412058820401e-03
1.905651345812140462e-01 6.777041411180646964e-03
1.947721763872232725e-01 6.907334689503993180e-03
2.069586356944757011e-01 7.323044166294992441e-03
2.090875802315042831e-01 7.280821295074220954e-03
2.119086692212453771e-01 7.409959169039314480e-03
2.204259113118936519e-01 7.631214881473391554e-03
2.249963771358317322e-01 7.631759803429130629e-03
2.305002065485843021e-01 7.719897323708295282e-03
2.351626263853504317e-01 7.748826084036200199e-03
2.376882890385891012e-01 7.773195675201003720e-03
2.402385709377824197e-01 7.771970844463198594e-03
2.396348222648715942e-01 7.863270652543198624e-03
2.399809254953285120e-01 7.713602036262919709e-03
2.472716942085736447e-01 7.902840386627989558e-03
2.431034386769149458e-01 7.642060878542565085e-03
2.449959004017660258e-01 7.757401084266142381e-03
2.495531167112518545e-01 8.143546375595398304e-03
2.479238443918392043e-01 8.170488818904916156e-03
2.476471800632727427e-01 8.260002795202761941e-03
2.475293102408682167e-01 8.261404625856966916e-03
2.403076204372608105e-01 7.833213580102136794e-03
2.114866620762778926e-01 6.717645421310387138e-03
2.482843787529704083e-01 6.668490447297290361e-03
