1.585629656558960321e-01 4.199973657415483237e-03
1.746931412060922784e-01 5.491239045851086138e-03
2.037977977482436087e-01 6.769867089613939258e-03
2.113929781716067380e-01 7.002799080067989221e-03
2.193863830064099463e-01 7.070370197982539517e-03
2.213652537102082929e-01 7.030705203190613581e-03
2.318209520159766612e-01 7.252990099406943572e-03
2.323926754066115430e-01 7.044022029276776793e-03
2.340735381004685756e-01 7.029750671302322299e-03
2.417205871469413903e-01 7.052213426676645289e-03
2.453543500859207693e-01 6.884764772680993655e-03
2.499443568421245709e-01 6.784466321228566597e-03
2.538055434630184792e-01 6.674511719218414151e-03
2.561169865464669737e-01 6.575192719154630480e-03
2.582181848773537070e-01 6.433300615141865700e-03
2.580866471840116971e-01 6.381619591769161284e-03
2.585256265400788234e-01 6.059818200336129432e-03
2.651837352537056436e-01 6.028789149609846756e-03
2.609155488357119412e-01 5.724040933064188097e-03
2.617532508443282113e-01 5.646851778664035634e-03
2.641544979006815175e-01 5.812592707242113070e-03
2.626176941450236724e-01 5.787253007841159161e-03
2.622984253831676660e-01 5.783095431882032990e-03
2.614408685312908931e-01 5.718556230707166552e-03
2.565879417415802832e-01 5.424102233354670746e-03
2.227204155319114365e-01 4.583551083782741106e-03
2.606710251946134926e-01 4.525713749126619029e-03
