1.887270382836866711e-01 4.801513236094398680e-03
2.137778494971960264e-01 6.444114389857641748e-03
2.421751260741194789e-01 7.726507002360413594e-03
2.463268818995616727e-01 7.819174328451772640e-03
2.519138523893745818e-01 7.703989184854265204e-03
2.507016869703168616e-01 7.471726837518066766e-03
2.589095597409791227e-01 7.512677225218367116e-03
2.579213994284729750e-01 7.158528260286231744e-03
2.584834717526092174e-01 7.065437289034648578e-03
2.652088645837981651e-01 6.952722436071507618e-03
2.678983358382559521e-01 6.688600404336809101e-03
2.715447486011530742e-01 6.494598418187408177e-03
2.742285729574068798e-01 6.309122361879465971e-03
2.754202375586556895e-01 6.174365851597130722e-03
2.760921195194139255e-01 5.961174730430549018e-03
2.756403083053816094e-01 5.816763908621933737e-03
2.759917699934728019e-01 5.432297308456560635e-03
2.810604542322241439e-01 5.275361648276701530e-03
2.764626797794608182e-01 5.003051599169562602e-03
2.764157191440794192e-01 4.868442914134150923e-03
2.772868195605194264e-01 4.928567759886812345e-03
2.756353719043842521e-01 4.884991147279600827e-03
2.750179997123423092e-01 4.891845289566884060e-03
2.736905212127945797e-01 4.857071225113400274e-03
2.689246131880750346e-01 4.685211589815239074e-03
2.324073970462424421e-01 4.000133617486753904e-03
2.741746463335584805e-01 4.211144221652838443e-03
