1.888200214105879848e-01 4.817521254792228938e-03
2.137935641727018721e-01 6.465579783568857312e-03
2.420914566490428022e-01 7.762127080255054080e-03
2.461386101654164660e-01 7.856720401102938386e-03
2.516158467680532640e-01 7.746775747155805990e-03
2.503002030735257954e-01 7.514215117951752836e-03
2.583866298057578836e-01 7.562022719401682164e-03
2.572926222518474026e-01 7.203522871916586204e-03
2.577452915179404558e-01 7.106504967051137552e-03
2.643406806599942760e-01 7.005269954158945163e-03
2.669094737710462906e-01 6.754844300071776754e-03
2.704290777977672589e-01 6.573010275174118525e-03
2.729874538854546451e-01 6.389334028765041550e-03
2.740588546236885081e-01 6.262217709903777733e-03
2.746123129789087569e-01 6.060133333604983581e-03
2.740480573608782833e-01 5.919029756126075077e-03
2.742825245010801494e-01 5.570366997152181344e-03
2.792027912368417186e-01 5.431527846221233073e-03
2.745203416841909272e-01 5.227531237758067245e-03
2.743587147336679632e-01 5.165530164656481800e-03
2.751080223627553334e-01 5.317972163248790157e-03
2.733549755193137032e-01 5.304962067987108003e-03
2.726284399844314810e-01 5.343409106085270262e-03
2.711988238084641067e-01 5.388287446469434624e-03
2.663646593670597751e-01 5.308076287243532893e-03
2.300986139917593210e-01 4.583671317531339863e-03
2.713372090085958144e-01 5.100610180319668265e-03
