1.605611091483840902e-01 3.446977661787824568e-03
1.882992534490452730e-01 4.876200795631707892e-03
2.162278275740479316e-01 5.777759377216769472e-03
2.310109490497937734e-01 6.184305335101127586e-03
2.416567221355142570e-01 6.366672696787843005e-03
2.456819451262320098e-01 6.346664555915262733e-03
2.491238105556016214e-01 6.166520847323876849e-03
2.545610202029107150e-01 6.107781410573472416e-03
2.568228114564884423e-01 5.926146507768801155e-03
2.565147488966405542e-01 5.870612501988147977e-03
2.583341189427187934e-01 5.879022277626867916e-03
2.625298012995994079e-01 5.719899497527476326e-03
2.641512013664353287e-01 5.610320078412184969e-03
2.687931540541822484e-01 5.673943154312847091e-03
2.698149543361629821e-01 5.607375764010253880e-03
2.680934549877909689e-01 5.625036411069150866e-03
2.691101152901160809e-01 5.636038305026597195e-03
2.682057485747799119e-01 5.591264297222725034e-03
2.661794519145140869e-01 5.532696830409863410e-03
2.382187507346408828e-01 4.911892737428790942e-03
2.739045729668813101e-01 4.794412614917908759e-03
