1.023393299103572684e-01 3.435349458966222534e-03
1.125564336522435344e-01 3.958536908435075774e-03
1.394909118718112018e-01 5.133902397247168403e-03
1.603663087830139722e-01 6.000342934312745749e-03
1.765675155910595706e-01 6.803629243903132340e-03
1.871883384968011099e-01 7.482103075680040724e-03
1.943339904610422164e-01 8.146791632071069544e-03
2.024403964411848889e-01 8.953705804749445205e-03
2.078704020962434396e-01 9.582410678009646229e-03
2.068871847205716319e-01 1.036617824425526725e-02
2.086284342306775341e-01 1.119957174056733853e-02
2.163763711787863031e-01 1.198164787040867894e-02
2.224554858004268165e-01 1.270077440640010429e-02
2.360306085363144679e-01 1.381970818959902397e-02
2.454474217421336590e-01 1.488981118661457381e-02
2.472318790491951912e-01 1.590833995318377894e-02
2.512254002890713100e-01 1.719953047723899939e-02
2.531605354643950978e-01 1.811471292158689517e-02
2.563614096534839737e-01 1.888398790025720697e-02
2.174835703935742715e-01 1.732132102854620423e-02
2.428850942335024632e-01 1.995435261077706940e-02
