1.867209885568936190e-01 3.579285794492530551e-03
2.243274087613225387e-01 5.468078647172056744e-03
2.487794992266408323e-01 6.295416757320406766e-03
2.586703344837641416e-01 6.544447224367200278e-03
2.654298443688657416e-01 6.554342947777380343e-03
2.663886679100696542e-01 6.361733174578037414e-03
2.685072503753201389e-01 5.979270275529508134e-03
2.721974237290146204e-01 5.718063984961592981e-03
2.730321619344530104e-01 5.368348570316127874e-03
2.724694392576257340e-01 5.142565956477077212e-03
2.741689557672551958e-01 5.041516474256553526e-03
2.770641450028187847e-01 4.762305405209536595e-03
2.779367574787742212e-01 4.573501259408863963e-03
2.806632950377975222e-01 4.504032805201395838e-03
2.801328415837094354e-01 4.314807495199321150e-03
2.773587676187655449e-01 4.205376491982261607e-03
2.772542534112459878e-01 4.094697609311602482e-03
2.761237065443645222e-01 3.992373798672685728e-03
2.739564127685234496e-01 3.878462393643523215e-03
2.459362809804939154e-01 3.387060323129625818e-03
2.859652182876267767e-01 3.205146727609560573e-03
