1.197682062815621784e-01 3.277687057606270930e-03
1.352491418292958436e-01 4.192153950917357555e-03
1.641575606311480029e-01 5.378578149784691773e-03
1.856342578557365341e-01 6.170504012747154293e-03
2.026746619745554978e-01 6.932632878692191261e-03
2.136804409189481668e-01 7.534887794810501797e-03
2.218059668785508920e-01 8.148121616835986292e-03
2.288673816667109451e-01 8.776039717965197079e-03
2.331829387287242261e-01 9.126258179507519899e-03
2.317710880722810285e-01 9.643507327729148454e-03
2.367162886723891968e-01 1.019005669756475191e-02
2.449284733307515449e-01 1.057715518463761724e-02
2.511382357437648150e-01 1.092452618431322825e-02
2.601896100015985702e-01 1.169780778081536826e-02
2.657109617398902834e-01 1.234922790964787694e-02
2.650393539835114720e-01 1.299139673885710451e-02
2.669769350532179564e-01 1.391777555011951273e-02
2.668904764424082088e-01 1.415321108818245674e-02
2.689677977055305313e-01 1.482047002494789149e-02
2.340069411274547928e-01 1.401655186886764139e-02
2.637097222312705380e-01 1.604340557268660317e-02
