1.171510470303883805e-01 3.443571957099022304e-03
1.318044519577320217e-01 4.234823719967121917e-03
1.593849769159738639e-01 5.325466737531224515e-03
1.795707318066918357e-01 6.080007978632906603e-03
1.953294900475850970e-01 6.692234521516755158e-03
2.051748206618772274e-01 7.172092863021488178e-03
2.121892847388149317e-01 7.609534550252419413e-03
2.181348509150634329e-01 8.169306701394039513e-03
2.214261250404592762e-01 8.502993667794316729e-03
2.192715470530688937e-01 9.031655312886091580e-03
2.231218472064170899e-01 9.603741688119997455e-03
2.300086460666413979e-01 9.949598984111032718e-03
2.349679660268248205e-01 1.028739146343513738e-02
2.425362738411651897e-01 1.099150837371832765e-02
2.467670417120063076e-01 1.148496281391160959e-02
2.452330390442215291e-01 1.202179726230756356e-02
2.461122842467350080e-01 1.271995176915113011e-02
2.451227146880233243e-01 1.302685705854956209e-02
2.461170495929881352e-01 1.356984468232399869e-02
2.133344955846573632e-01 1.270694868534372884e-02
2.395242116261273313e-01 1.459859528417694827e-02
