1.023407096103439995e-01 3.436930226777897175e-03
1.125619607804553141e-01 3.974830391861766503e-03
1.395027309981670682e-01 5.170786928362598733e-03
1.603856099513317757e-01 6.091117852761333828e-03
1.765950573577872995e-01 6.949223645125133034e-03
1.872242062511140503e-01 7.635493847351195427e-03
1.943781515601092913e-01 8.281304204674383093e-03
2.024936128995487028e-01 9.094664900007754654e-03
2.079324529409904976e-01 9.657953330428117530e-03
2.069563142709381076e-01 1.030264399443464596e-02
2.087055801200335958e-01 1.097942073082591556e-02
2.164640929626259758e-01 1.174502709774122994e-02
2.225535999462436021e-01 1.226124854286248476e-02
2.361431218958662814e-01 1.331564268881401357e-02
2.455731718134820663e-01 1.426863572731694278e-02
2.473673550779046382e-01 1.572337488662701663e-02
2.513720190343262106e-01 1.725574170289069509e-02
2.533173072580279794e-01 1.835457363517428372e-02
2.565293017089121386e-01 1.962514055661638765e-02
2.176337537605048389e-01 1.790468901685023442e-02
2.430614769752204862e-01 2.090429602353175917e-02
