2.180979046681517097e-01 4.134190616275436325e-03
2.681311264661359606e-01 6.492460853332922797e-03
2.864827142608827315e-01 7.246062258249261548e-03
2.897953468462856064e-01 7.290445925517995140e-03
2.913713287552439080e-01 7.139417693242563513e-03
2.886287450163311785e-01 6.792642759654741666e-03
2.886092081653091057e-01 6.226313099624600916e-03
2.904696026727763281e-01 5.812580366467655184e-03
2.899508378112343743e-01 5.340261124247618063e-03
2.891655772372231925e-01 5.001563070469596840e-03
2.901897661412625173e-01 4.835091080039705461e-03
2.917772065077266497e-01 4.523883177403504458e-03
2.923052603457765297e-01 4.300981433288492486e-03
2.944612463613603404e-01 4.172303797897044912e-03
2.931878656871607092e-01 3.954345939131988057e-03
2.902106825980365068e-01 3.813224302255005787e-03
2.893024130051212728e-01 3.649215387288844148e-03
2.886481515765604855e-01 3.587672409369631592e-03
2.860653156300562716e-01 3.471099164140945253e-03
2.571417388564240514e-01 3.050949159527865159e-03
3.035626283609900167e-01 3.097355839535262910e-03
