1.867358599507172034e-01 3.587763523184489111e-03
2.243853585966315289e-01 5.483157402339554690e-03
2.488882260676038571e-01 6.320059002858307608e-03
2.588296202845688510e-01 6.578234483758420119e-03
2.656407455579751775e-01 6.598205959812637571e-03
2.666479638426028087e-01 6.407982093450803086e-03
2.688166287794273579e-01 6.013133524803919439e-03
2.725597429626334112e-01 5.753967245847002067e-03
2.734444392701401716e-01 5.398878392510783608e-03
2.729296219102450016e-01 5.168733204698883719e-03
2.746810766878715615e-01 5.073432342277164192e-03
2.776312687636043330e-01 4.806685907415469798e-03
2.785554273901023059e-01 4.631531266965207248e-03
2.813382911676640119e-01 4.594376592766451217e-03
2.808567330634974546e-01 4.416770076051171855e-03
2.781251737496648335e-01 4.352636302063316205e-03
2.780700440348456426e-01 4.259390753283198022e-03
2.769856502340749538e-01 4.200590009376506222e-03
2.748606910498427869e-01 4.139919443549766945e-03
2.467921560448592400e-01 3.662369000613344399e-03
2.870116673736308743e-01 3.689783352679765031e-03
