1.640379990296972901e-01 2.959518852574794575e-03
1.927159882670157198e-01 4.667335492891343078e-03
2.216898339681230568e-01 5.648624416253671815e-03
2.372639750949813442e-01 6.093217839401758769e-03
2.486355149675199827e-01 6.440605778154286955e-03
2.532226616975429279e-01 6.548757682079779478e-03
2.572228883494100948e-01 6.587327152592628229e-03
2.633002794807383085e-01 6.615515746337773464e-03
2.661080778619744902e-01 6.465488403351089645e-03
2.662574987196819065e-01 6.431965990136645842e-03
2.686187478015905628e-01 6.377649109147617151e-03
2.734627686352557596e-01 6.238602337862214978e-03
2.756368204890032869e-01 6.086790073503340476e-03
2.809751356983367643e-01 6.151196416472740243e-03
2.825405248594909380e-01 6.147647190620865454e-03
2.812328108263446591e-01 6.113820281927465593e-03
2.827970293097895604e-01 6.181125813536646023e-03
2.823435998397753055e-01 6.044195391776125033e-03
2.807045400486157249e-01 5.957298654896800612e-03
2.516609884247989481e-01 5.297539249887647447e-03
2.898706758599061128e-01 5.142158284197354857e-03
