2.227033153694688572e-01 3.238755857976830053e-03
2.739022521264702359e-01 6.120025085661958721e-03
2.927655519554881458e-01 6.966625171041769017e-03
2.962689517368792824e-01 7.047611491252952880e-03
2.979989465244826663e-01 7.070817948771044442e-03
2.953117155558773188e-01 6.822208138939291240e-03
2.954095017154491076e-01 6.471249176055197429e-03
2.974323132115958557e-01 6.164257482024210720e-03
2.970195305464663482e-01 5.747402583874414508e-03
2.963332698192079895e-01 5.400898194233242668e-03
2.975014552103281695e-01 5.111396845190663805e-03
2.992481988970921991e-01 4.756931102802132091e-03
2.999093430113411451e-01 4.463974805231327690e-03
3.022419145948979091e-01 4.302267205231402429e-03
3.010549129821202263e-01 4.065184107327895167e-03
2.981166984658931707e-01 3.797797833178843084e-03
2.973022154585981403e-01 3.634836165257383529e-03
2.967481714442206098e-01 3.444757784780597392e-03
2.942101533837818694e-01 3.264565938814724833e-03
2.645685454797414016e-01 2.691789742440851840e-03
3.124547411955607146e-01 2.335791527995572433e-03
