9.862725632606489379e-02 1.952053441916980474e-03
1.100293181453169400e-01 2.850103838380673143e-03
1.295805324105762657e-01 3.475180716845689601e-03
1.420135744708254100e-01 3.840692064520239129e-03
1.513749922403673231e-01 4.149305842530706494e-03
1.558469255730995651e-01 4.375684430648800818e-03
1.594919747311119296e-01 4.578701724815294714e-03
1.643037352259624218e-01 4.813969584330614684e-03
1.666582847215397900e-01 4.992654887351437136e-03
1.666812201500604274e-01 5.225577560579707133e-03
1.692156977451909627e-01 5.497777392619862535e-03
1.732256247006938032e-01 5.765994229903126898e-03
1.754177774033627291e-01 5.970218290418428247e-03
1.788045720890016899e-01 6.289924522476137564e-03
1.796444184635290764e-01 6.473130179699169290e-03
1.780004457093274373e-01 6.630048805258558983e-03
1.797820038710106760e-01 6.980294539038750003e-03
1.794224425143063073e-01 7.449435389061051516e-03
1.783884898194779967e-01 7.953684475593726655e-03
1.596180209399150063e-01 7.988787758121345881e-03
1.850095943494280692e-01 9.547508869684848132e-03
