1.875778067119704684e-01 6.285575895373565064e-03
2.028358963156077499e-01 7.283933989285566908e-03
2.413655588662821372e-01 8.731860972678388497e-03
2.508592227156832832e-01 9.084172256231089898e-03
2.633000802107031690e-01 9.553576188897195884e-03
2.698827201407250076e-01 1.041983655628463644e-02
2.761657836802429156e-01 1.047825773386442012e-02
2.791189136306488350e-01 1.077096009403082782e-02
2.826480484528838821e-01 1.109355928483822529e-02
2.847098081164000094e-01 1.140718795615994902e-02
2.901596832032930506e-01 1.162552255559441174e-02
2.926784021224150267e-01 1.173736439609860023e-02
2.948319317935806372e-01 1.194271405067679967e-02
2.942674994779859721e-01 1.212960380676373143e-02
2.972661665131838826e-01 1.260057051023132264e-02
2.989808564051171791e-01 1.275779371833605201e-02
3.001040248337745187e-01 1.313962378216172733e-02
2.987215560909559087e-01 1.346093714918339922e-02
3.008429672550350098e-01 1.388277984193463099e-02
3.012689265263190919e-01 1.424009838627469764e-02
3.020263232090407146e-01 1.503167519106476772e-02
3.001150975769781293e-01 1.538846676257984644e-02
2.997354930580761745e-01 1.586231249774769717e-02
2.996451616565766751e-01 1.614779914267511218e-02
3.018402927712631745e-01 1.672355098319461275e-02
3.010827749238936257e-01 1.714469915774841438e-02
2.974805752209906395e-01 1.744041470200443159e-02
2.947523124968058905e-01 1.786664530423150155e-02
2.905581734961854012e-01 1.811876835258523222e-02
2.453670171181814574e-01 1.584465488293327132e-02
2.838466422881203988e-01 1.873384210775841732e-02
