1.410574157158911990e-01 3.209036289503395395e-03
1.656817154529621194e-01 4.792375667750603703e-03
1.829871976157554370e-01 5.453936599337256413e-03
1.903309586139677323e-01 5.677724158415895298e-03
1.951303521502466276e-01 5.874511903193005424e-03
1.960479088857971230e-01 5.888238594430716955e-03
1.984180503228427650e-01 5.859080080172263810e-03
2.014126028574360627e-01 5.926236892578843826e-03
2.020329596160709562e-01 5.649483636753265849e-03
2.023647100478653538e-01 5.547887305266314441e-03
2.042022308039574130e-01 5.488132732583988864e-03
2.073603938520574286e-01 5.373140480093322076e-03
2.093048626289233938e-01 5.231931067813046406e-03
2.121655222876158708e-01 5.365218182605316008e-03
2.125043324109459619e-01 5.191298908325862015e-03
2.102899678301561326e-01 5.053719708945311230e-03
2.105826692733484273e-01 5.010193243450092142e-03
2.101030607328942812e-01 4.924436075812650346e-03
2.090483448124819121e-01 4.813490581946182345e-03
1.879733284598833210e-01 4.231008085099107092e-03
2.239543035219616063e-01 4.557280684242320280e-03
