1.845139124351864168e-01 6.361888835240512609e-03
1.868162011947335499e-01 6.958477104342915623e-03
2.266441035283934535e-01 8.570812780462446975e-03
2.379119554493366873e-01 9.117345786444479641e-03
2.525185040074094389e-01 9.903664952999153073e-03
2.603317519813627690e-01 1.090065928976765262e-02
2.685939090719467459e-01 1.122003422568360054e-02
2.734826597506354040e-01 1.160720425463277958e-02
2.788284665841389565e-01 1.209396194144785400e-02
2.817653585735671595e-01 1.262133201150076114e-02
2.887139999338739216e-01 1.314002673621776814e-02
2.924289913300150978e-01 1.344777573652075099e-02
2.954054923074428407e-01 1.387087395087461400e-02
2.951007913678407868e-01 1.426427892387747455e-02
2.982058714702933155e-01 1.493886290039452003e-02
2.998470404795637312e-01 1.540559372573386751e-02
3.015703253285697549e-01 1.595357302762104648e-02
3.016951027866805468e-01 1.649861369200822034e-02
3.041712093568936792e-01 1.727300088219956356e-02
3.055875812844531803e-01 1.808357891871394466e-02
3.073715473805621601e-01 1.921668203388095936e-02
3.057408436824861631e-01 1.954789118214945304e-02
3.058655936395390795e-01 2.010098117377112636e-02
3.058610938613170460e-01 2.068835586275483834e-02
3.087633263361432845e-01 2.156397779884058549e-02
3.086568292749678477e-01 2.220222368851541492e-02
3.045202037352028879e-01 2.281906903394330735e-02
3.032956498142511115e-01 2.339517759957230117e-02
3.005305662080708928e-01 2.398446799316082331e-02
2.532923564703761787e-01 2.082310888064871010e-02
3.005449153757630554e-01 2.506627215793190422e-02
