2.065578967128842147e-01 6.723838837050235759e-03
2.272750367867647781e-01 7.914907252004287769e-03
2.659243995990058784e-01 9.292672908249794902e-03
2.735337545974013129e-01 9.481856141969254373e-03
2.846561494729406561e-01 9.865870813733860351e-03
2.897605754433354996e-01 1.066442362053483459e-02
2.947199575787811665e-01 1.060128490389203836e-02
2.963654532304232925e-01 1.077516603132876866e-02
2.988354654107125974e-01 1.100481500055981027e-02
2.998162189421907931e-01 1.117672957952096403e-02
3.044702602745092412e-01 1.128019373805974092e-02
3.061445008418133829e-01 1.123102979765865268e-02
3.079004256376518534e-01 1.134513785064726089e-02
3.065469048514021244e-01 1.140498915450839645e-02
3.087867906200838508e-01 1.176292255491843269e-02
3.098882849142977070e-01 1.180730244643534918e-02
3.107124237751560658e-01 1.216413448693057231e-02
3.088531120113294781e-01 1.237739915822788465e-02
3.104827478334145074e-01 1.271338886924314703e-02
3.109540808467233797e-01 1.301569430860464657e-02
3.113894772573498337e-01 1.370822256575663679e-02
3.094839942203171379e-01 1.394451831340735685e-02
3.087271860806919399e-01 1.434085733319554953e-02
3.083798478345571303e-01 1.461440935622398095e-02
3.100491805482521457e-01 1.514808471125823897e-02
3.088831193845938961e-01 1.544302478327267553e-02
3.051728121782082415e-01 1.575521603565310444e-02
3.019668249936436344e-01 1.607228208476337711e-02
2.980792473010550614e-01 1.635830240399739621e-02
2.520785937485250927e-01 1.427773788444990956e-02
2.925089093227116743e-01 1.697098907739802431e-02
