1.615429719074616965e-01 3.054627773311776456e-03
1.650548847724238599e-01 4.026622763533871212e-03
2.029413018900559640e-01 5.370336514128133155e-03
2.152611332252727661e-01 5.713360474890030738e-03
2.302320838536797698e-01 6.003939943118347979e-03
2.392576807803101779e-01 6.368621194593421762e-03
2.482110392545977817e-01 6.791155423028726740e-03
2.539661217777706148e-01 6.913231913549352202e-03
2.601146192194282447e-01 6.967331773584503965e-03
2.641623055861007652e-01 7.222008468439343985e-03
2.718329175639547790e-01 7.301000343849585288e-03
2.761736359603175761e-01 7.345141999388281676e-03
2.793517508525972803e-01 7.351723690034676212e-03
2.800626274846829689e-01 7.272561134441261378e-03
2.844163237833781666e-01 7.386639285246253232e-03
2.871419763813004566e-01 7.540915618298052112e-03
2.893644133393122320e-01 7.533542572546837041e-03
2.897145246581194211e-01 7.561334102380536624e-03
2.932291257959899755e-01 7.582035712560891358e-03
2.945607616722306088e-01 7.785730201366418586e-03
2.967582151731820717e-01 8.210067438594351522e-03
2.954742741535312245e-01 8.242552695331807969e-03
2.961599470040726101e-01 8.484069768319170771e-03
2.967915348613429094e-01 9.065075135757142202e-03
3.008945136933392495e-01 9.433140219845979543e-03
3.014919266728809943e-01 9.294232804643936044e-03
2.981577066818156818e-01 9.373939706469627126e-03
2.978405513004636074e-01 9.531987672421061986e-03
2.944624678866302192e-01 9.077379496941753376e-03
2.479500836727958069e-01 7.535413565348435087e-03
2.906603190465600339e-01 7.218372715621308548e-03
