2.307616592172370973e-01 3.838104782796481450e-03
2.611105340508407258e-01 5.345723097079634403e-03
2.988375885220052042e-01 6.596833113133021044e-03
3.043213146177984885e-01 6.217227658217286748e-03
3.141047883091805937e-01 6.366717644398874575e-03
3.178446963496248112e-01 6.685288148200550090e-03
3.217149423053344282e-01 6.935687834964274212e-03
3.222997099174092495e-01 6.643358639036169716e-03
3.239029275149173936e-01 6.756651315733922317e-03
3.241585786694704541e-01 6.484937966908875528e-03
3.283201658275070600e-01 6.491861037985337778e-03
3.295001592648611477e-01 6.165360013674126873e-03
3.311028449681860386e-01 6.062681297919033513e-03
3.292586928250471057e-01 5.785669836212857867e-03
3.311581208450139480e-01 5.656037203655739018e-03
3.320677654842127402e-01 5.406622247746488939e-03
3.328954191198784662e-01 5.154235548513748377e-03
3.309978841359085266e-01 5.019000960375100649e-03
3.324852146653373697e-01 4.814869239689283445e-03
3.331823749143275615e-01 4.789705020215871516e-03
3.335083207382225634e-01 4.957007808530386125e-03
3.318121654640171503e-01 4.865861645036706311e-03
3.310299830206491767e-01 4.977906929593545193e-03
3.306386380852678331e-01 4.999573002836250543e-03
3.321564737401743184e-01 5.107616948078748907e-03
3.307512541911382664e-01 5.071986866180782164e-03
3.268901754360132861e-01 5.008235040134720838e-03
3.234512845405441150e-01 4.699028674442924311e-03
3.198059640640967261e-01 4.665796167041385764e-03
2.712394261972339016e-01 3.821413011684540555e-03
3.163876732298510075e-01 3.829966500198045930e-03
