1.911735682018483040e-01 3.374109665492168886e-03
2.082511171112151616e-01 4.555860383382979995e-03
2.469990589789830271e-01 5.852175729688828716e-03
2.569677583356204109e-01 5.844844224969491901e-03
2.699573743679253290e-01 6.017109595316713980e-03
2.770883761851830607e-01 6.404115272916982571e-03
2.839277466921726889e-01 6.718527622028312718e-03
2.873529984289805994e-01 6.631207939375001470e-03
2.913295723319364594e-01 6.725422243068200114e-03
2.939141472387364895e-01 6.718014784866447459e-03
2.999554223553133614e-01 6.762384826643676010e-03
3.029811246104619493e-01 6.623142814729861098e-03
3.055597806306583064e-01 6.521398056202614910e-03
3.053739821741358051e-01 6.411870433085580488e-03
3.089174931282896441e-01 6.380862239624363053e-03
3.111134956910546756e-01 6.267318134228701959e-03
3.126792624445460800e-01 6.061864625895098044e-03
3.117971490537397861e-01 5.988037967381393614e-03
3.143672581023035928e-01 5.785628470251025744e-03
3.151610651643961258e-01 5.819462708292445600e-03
3.163068433306233662e-01 6.104782740088964509e-03
3.146590480161894909e-01 6.075290541640822155e-03
3.146048663848276528e-01 6.213102169445609314e-03
3.148299621089082900e-01 6.475107292734852762e-03
3.174078920893524947e-01 6.571697527921993923e-03
3.169516728577854159e-01 6.488625131129896473e-03
3.133690077052442291e-01 6.381374160342522667e-03
3.108195786274811634e-01 6.289480948863324788e-03
3.068766420673288975e-01 5.939198730762757297e-03
2.596691089992615442e-01 5.122800993524415786e-03
3.013374423358798904e-01 5.141343668649419295e-03
