2.106666200698048830e-01 3.317721585259289854e-03
2.338020784452168044e-01 4.933459343144197366e-03
2.726932161428554657e-01 6.257050421007494603e-03
2.808201088582660820e-01 6.210529795342659143e-03
2.925441274055407548e-01 6.285057078995824782e-03
2.982446942533643619e-01 6.564964435295973268e-03
3.038169815269033958e-01 6.803344439469309266e-03
3.059907723357523923e-01 6.663988637980264133e-03
3.089725386869445756e-01 6.596222128783278855e-03
3.105381406425647417e-01 6.512410546918567453e-03
3.158537602215985562e-01 6.502102069266008783e-03
3.181113072965100486e-01 6.313360754858014269e-03
3.203734079968530435e-01 6.198459977583799414e-03
3.194569238759583651e-01 5.964369141923547314e-03
3.223096541892572220e-01 5.828138266883777299e-03
3.239661481213759187e-01 5.686442517817496232e-03
3.253250764110248161e-01 5.455384830015987119e-03
3.240227957437036843e-01 5.388444784714166956e-03
3.261847989697179706e-01 5.178763870878635989e-03
3.270965887063125854e-01 5.238154279097489985e-03
3.279771174582894466e-01 5.439664427932232489e-03
3.264246109736355650e-01 5.465381651641694656e-03
3.261074677361913698e-01 5.560487171273180776e-03
3.262067613263741617e-01 5.800813630727518974e-03
3.283845926093840184e-01 5.910739916850894608e-03
3.276017790827644438e-01 5.832255454998932359e-03
3.239926917778525040e-01 5.777192804245791929e-03
3.210160915044624197e-01 5.593257690281155069e-03
3.174642775646917547e-01 5.409534223452311906e-03
2.690997836466884618e-01 4.488610754617579877e-03
3.131599562375621537e-01 4.390484772875638542e-03
