1.880199422140793886e-01 3.668970557303844696e-03
1.917175002679640805e-01 4.440982409858654396e-03
2.314363646762037929e-01 5.770566110052915108e-03
2.427589012700069604e-01 5.861604578164202571e-03
2.574495012570089947e-01 6.222471254706034294e-03
2.653376069965189821e-01 6.506594273361349275e-03
2.736588685126518650e-01 6.951235181487055471e-03
2.785508429179049394e-01 6.886858178902542996e-03
2.838183124580680450e-01 7.157167250964739311e-03
2.867212388760779773e-01 7.245120112031137698e-03
2.935855955414086726e-01 7.408720654874237019e-03
2.972247335120538625e-01 7.363570500374254889e-03
2.999800126858296889e-01 7.484235721386595097e-03
2.995380675787481795e-01 7.326503391868785520e-03
3.026024584079294866e-01 7.498269967023827448e-03
3.041300742285029668e-01 7.686130200621052976e-03
3.056702362437471177e-01 7.749729176174080872e-03
3.057756794103416720e-01 7.709733901184433365e-03
3.080769624181606825e-01 7.773016540530561062e-03
3.091783615674142949e-01 7.878760650101309868e-03
3.106352668454213650e-01 8.355640005220921901e-03
3.088168764191825399e-01 8.200464928022148034e-03
3.087638681656575956e-01 8.438301713740081408e-03
3.086682793239407530e-01 8.793294900003276876e-03
3.113352287946591912e-01 9.347232889756182384e-03
3.109941610437348958e-01 9.323221996327613753e-03
3.064431097589095931e-01 9.343599652645142098e-03
3.050162142517626185e-01 9.259384892992255506e-03
3.021051184160130076e-01 9.276835344849805598e-03
2.547377122901099966e-01 7.461405129128843849e-03
3.020799053135983514e-01 7.280473422035305987e-03
