2.319791601164949979e-01 7.377039314828547079e-03
2.622102813342623850e-01 8.911468585222187197e-03
2.997785477240925145e-01 1.017976972956046409e-02
3.049563662906948913e-01 1.022086180673617214e-02
3.144270451800850741e-01 1.053360618257241296e-02
3.178339689796040313e-01 1.128701993660165617e-02
3.213635226934172251e-01 1.113446855327420229e-02
3.216068320806557690e-01 1.120571100370781718e-02
3.228644508786901457e-01 1.136767220832088539e-02
3.227772226076493500e-01 1.142663643598127929e-02
3.265749913300680651e-01 1.144690903561570994e-02
3.274017519832340684e-01 1.126329888218049156e-02
3.286459519553984743e-01 1.130783232495585593e-02
3.264695113956271877e-01 1.124218543838443642e-02
3.280052490622212824e-01 1.149951877339330797e-02
3.285580472658004014e-01 1.146604493995607467e-02
3.290282689417744488e-01 1.179185210151510212e-02
3.268064473730107888e-01 1.190866629621314780e-02
3.279274261409988456e-01 1.220342740062115017e-02
3.282671518787332876e-01 1.243277234566403031e-02
3.282404398751952446e-01 1.305253423153376197e-02
3.262253620652877939e-01 1.323412007971413659e-02
3.251118155871593474e-01 1.358631850412666403e-02
3.243837049062370803e-01 1.382962594178701460e-02
3.255278518290188883e-01 1.432471416500143147e-02
3.238075236712174565e-01 1.455397742438378772e-02
3.196887169258528227e-01 1.484492734204965851e-02
3.159907176655875061e-01 1.509552360397137770e-02
3.120987349847006431e-01 1.534222714679729475e-02
2.644224174247969406e-01 1.337089617574609320e-02
3.081094464231087238e-01 1.600104867537708100e-02
