1.878700903461349436e-01 3.668453750931578976e-03
1.916884970878673933e-01 4.451478566885997377e-03
2.315508922372043199e-01 5.770761641665197658e-03
2.430359885615394899e-01 5.876402506761156663e-03
2.579099190816985798e-01 6.249081133949554653e-03
2.659839086224003446e-01 6.593009422801711546e-03
2.745027172764812340e-01 7.039971184372530166e-03
2.795903405951984944e-01 7.027534709690644137e-03
2.850615648409616232e-01 7.298775008050533732e-03
2.881633080771078825e-01 7.440370161038588684e-03
2.952528683837287726e-01 7.611744718267879350e-03
2.991058405821094279e-01 7.523192007749856039e-03
3.020736418716542526e-01 7.598255699715836427e-03
3.018235350212265522e-01 7.454007829195565850e-03
3.051083511524510516e-01 7.615140361221180848e-03
3.068467841617242287e-01 7.759368591118824023e-03
3.086000030680270956e-01 7.789054839671342989e-03
3.089059535161409187e-01 7.750767962410557918e-03
3.114319230735662081e-01 7.795714749523508826e-03
3.127472939077510228e-01 7.973646720064115137e-03
3.144240769847680417e-01 8.537710704387930366e-03
3.127855098181706039e-01 8.398844448648273842e-03
3.129339183151233494e-01 8.585787828745890596e-03
3.130392044458529810e-01 9.014004795647682228e-03
3.159479639815268026e-01 9.561854556151777249e-03
3.158057956498617203e-01 9.644214326858857600e-03
3.113854294050459881e-01 9.685475908155202762e-03
3.101358118033418765e-01 9.625147971639548897e-03
3.073743616841604909e-01 9.612168554437151499e-03
2.593482763551216985e-01 8.009220330199873575e-03
3.077460756037228573e-01 8.072438773344639551e-03
