1.654955783798116864e-01 3.371391597919845204e-03
1.698831443082301773e-01 4.184099166294811406e-03
2.078127276485955688e-01 5.528759989982654291e-03
2.202140764883326884e-01 5.765712786787383602e-03
2.352877435093621850e-01 6.100087702486677900e-03
2.443791639956651995e-01 6.447913062279063412e-03
2.533694892754364547e-01 6.907891528162820108e-03
2.590649192410812707e-01 6.959202082800046603e-03
2.650924142148067819e-01 7.152620042677338384e-03
2.690785272071823941e-01 7.315482982491459604e-03
2.766601123377750437e-01 7.452183608214106927e-03
2.808668471494741303e-01 7.506574396612476600e-03
2.838012272836886729e-01 7.577207384667377678e-03
2.843022468715712958e-01 7.517490711431016465e-03
2.885391908424648211e-01 7.681171475398149324e-03
2.910903991876088170e-01 7.842062768193925476e-03
2.930463596713410168e-01 7.886600102539744611e-03
2.933044497209106316e-01 7.861864227417240947e-03
2.965378944169387854e-01 7.889556678483943333e-03
2.975650069707360679e-01 7.922745651752775148e-03
2.994403190500449230e-01 8.293407775320426820e-03
2.978610186716938446e-01 8.199486166467859216e-03
2.981845922014154104e-01 8.524488193056473789e-03
2.985386499455121578e-01 8.901913289099717269e-03
3.021343918226344072e-01 9.333182100905489456e-03
3.023368905816430918e-01 9.184282832232198296e-03
2.984677472234526507e-01 9.142133865030753828e-03
2.977729154053889160e-01 9.303798620619630616e-03
2.941301926071320239e-01 8.908634685712405604e-03
2.476453385566498577e-01 7.267728078658495725e-03
2.904417333920882305e-01 6.897725133786840497e-03
