1.659165379815483454e-01 3.136451436138890363e-03
1.705095946922475514e-01 4.161235342164143480e-03
2.088170343462962542e-01 5.530204667504787924e-03
2.215307952817611448e-01 5.890707377210442804e-03
2.369646613135950874e-01 6.201327624551115220e-03
2.464017021661810414e-01 6.590806020220475736e-03
2.557579217251861325e-01 7.038997333925157453e-03
2.618054213097483207e-01 7.173656621025310647e-03
2.682023490032390822e-01 7.249362807715429777e-03
2.725458466687540326e-01 7.516815270764714944e-03
2.805448654140403342e-01 7.606538337740493920e-03
2.851356397270967680e-01 7.652945129364705987e-03
2.884433584290194141e-01 7.659044540785326510e-03
2.892822692907578430e-01 7.585285983163615395e-03
2.939284216621130263e-01 7.701855971735237921e-03
2.968656194348422983e-01 7.858497902522732642e-03
2.992013870479640625e-01 7.832917475276340857e-03
2.998065886298210136e-01 7.866082962200883141e-03
3.034575659022853422e-01 7.895756962828199416e-03
3.048560916389830289e-01 8.089298992345617112e-03
3.071273877963219268e-01 8.517974941428384239e-03
3.058561298773781467e-01 8.561623916158363559e-03
3.065377509316077331e-01 8.784349718978675531e-03
3.072519031969063730e-01 9.363821437523657532e-03
3.113073898718501931e-01 9.747097880910573359e-03
3.118714777391166648e-01 9.625467650391593410e-03
3.082316086523188003e-01 9.611933786021346557e-03
3.078649214265191114e-01 9.767255195848657465e-03
3.044457188047102192e-01 9.322603506633584530e-03
2.566230550877867111e-01 7.770878955247858405e-03
3.013143273481617701e-01 7.386450506167622707e-03
