2.100052706423795046e-01 3.539645782635066681e-03
2.329240921853591162e-01 4.868732521434729343e-03
2.715013257907409328e-01 6.148384521929433494e-03
2.794199436662980762e-01 5.945483450467823304e-03
2.909056515506618923e-01 6.085204243519343019e-03
2.963910445084304568e-01 6.406941103755304893e-03
3.017421442938887366e-01 6.683599960572082950e-03
3.037133164621413917e-01 6.470654903643889046e-03
3.064834039077189987e-01 6.559746802483602118e-03
3.078460646893855790e-01 6.403274170342975434e-03
3.129221360611116332e-01 6.414003282198274015e-03
3.149640003716710490e-01 6.192434054293888095e-03
3.170077277653259307e-01 6.093511407681067096e-03
3.159055604887103241e-01 5.882226950891140949e-03
3.185296437157441041e-01 5.803786507865059917e-03
3.199688870199298152e-01 5.625215697891785410e-03
3.211125176355271171e-01 5.391017965037513127e-03
3.196294862771180134e-01 5.267962176403856098e-03
3.215633664145168824e-01 5.045335398745201538e-03
3.222629959744289785e-01 5.027735933428970592e-03
3.229308581986958249e-01 5.222803064272377171e-03
3.212036517328689111e-01 5.138681259167397590e-03
3.206933096664195681e-01 5.264730565353140622e-03
3.205927455834642892e-01 5.386349172914283064e-03
3.225336872402231325e-01 5.494787166807689298e-03
3.215660103929569025e-01 5.408327699910489908e-03
3.178269181140181976e-01 5.324913612211767087e-03
3.147123907296250356e-01 5.142200335190444394e-03
3.110380208650587730e-01 4.984845123969931444e-03
2.634896384045313233e-01 4.061463901172235325e-03
3.064417920027071029e-01 3.983039340729217261e-03
