1.913166412342422185e-01 3.369814380400562668e-03
2.082821534303971600e-01 4.536765388805276064e-03
2.468879172765109098e-01 5.836427065681677046e-03
2.566982992102823657e-01 5.810079521393023486e-03
2.695127830195664931e-01 5.966975177508695473e-03
2.764663625768042365e-01 6.294779483729642626e-03
2.831207139154063301e-01 6.608849104565731047e-03
2.863646197691396278e-01 6.475189866870506919e-03
2.901536352224335369e-01 6.556083960862841425e-03
2.925524594415803703e-01 6.516295972374149155e-03
2.983869310578922684e-01 6.552191371904164327e-03
3.012163014997446542e-01 6.447797849285325129e-03
3.035979997529315577e-01 6.364330185002663870e-03
3.032316762498343810e-01 6.226657343178775353e-03
3.065666117724374362e-01 6.187508200897990501e-03
3.085609909900103864e-01 6.095888688304759370e-03
3.099281805949566926e-01 5.899251135416260991e-03
3.088687323542437246e-01 5.818832278032547850e-03
3.112281927858361330e-01 5.636728311731392140e-03
3.118272044353830319e-01 5.637506197600415658e-03
3.127734262250370656e-01 5.846412194509001403e-03
3.109576902879238602e-01 5.805230211030514009e-03
3.107179417722651937e-01 5.980875537128936027e-03
3.107540305980893702e-01 6.183060382327826288e-03
3.131109472421023665e-01 6.292557645329682758e-03
3.124736477590308592e-01 6.162691121764664846e-03
3.087565711558246107e-01 6.077816130903777175e-03
3.060612531751940035e-01 6.032492089260663506e-03
3.019977004454459935e-01 5.672584110662579407e-03
2.553876596859548376e-01 4.663958227455695937e-03
2.961914625934584100e-01 4.592229558443654790e-03
