8.176431108098802802e-01 2.303245142033242751e-02
2.420811536348450310e-01 7.996725548086003332e-03
3.392920247017076618e-01 1.088579309275829188e-02
3.741600858637638138e-01 1.152505898460360820e-02
3.903484582604451747e-01 1.160810526580733672e-02
4.050799559450321552e-01 1.173921506191274999e-02
4.338328010053078554e-01 1.172398122060199811e-02
4.581790271137211601e-01 1.179872075727486994e-02
4.593708538368246885e-01 1.136468796120546250e-02
4.578344673805064824e-01 1.094108580747791756e-02
4.676030486352011906e-01 1.091707118960641258e-02
4.776015299411749404e-01 1.074363824140842777e-02
4.789556933772970426e-01 1.084932365144966257e-02
4.811257103633141408e-01 1.091683309880359457e-02
4.799573559450860949e-01 1.043647690120837190e-02
4.752199954194140097e-01 1.021857227301274131e-02
4.813539952315369908e-01 1.003471335645686295e-02
4.812036140052741717e-01 1.000078133779516362e-02
4.866728314553750989e-01 9.894144578859271830e-03
4.458580022565650225e-01 8.676702165006058842e-03
3.442132119288133230e-01 2.116743192711263016e-02
