4.607991055455991081e-01 1.424590880414208782e-02
1.172869875385520871e-01 4.956354658377125876e-03
1.822893246600079120e-01 7.331527856816579501e-03
2.219864781210590110e-01 8.727289469762020135e-03
2.440694758309345513e-01 1.021144649906667416e-02
2.699952603555430541e-01 1.177386148566701186e-02
2.984665562263905669e-01 1.299672611365032884e-02
3.319396003239284965e-01 1.449688820170324036e-02
3.451567827050195936e-01 1.542359205998414945e-02
3.452143646515871134e-01 1.662040289195612294e-02
3.516919393633152757e-01 1.773540937138852122e-02
3.539484715975562690e-01 1.909249156476461665e-02
3.468169222966976384e-01 2.091849001702175345e-02
3.581551805560835300e-01 2.270353947446469844e-02
3.780496046762932272e-01 2.434451706053671061e-02
3.902869678187936842e-01 2.619683022877829226e-02
3.982363792674257774e-01 2.814402031628996867e-02
3.882630090938052891e-01 2.947176619321498214e-02
4.058429355595511434e-01 3.202152112778246934e-02
3.644539874952726355e-01 3.028580558163503425e-02
2.868282189482833644e-01 6.349012177561094705e-02
