7.097603574788420300e-01 1.971613085625233130e-02
2.004581089763175783e-01 6.699909201455809052e-03
2.910673410185994903e-01 9.368946631802930677e-03
3.300045103136136637e-01 1.025913669441045652e-02
3.501837665231193886e-01 1.065639519916493881e-02
3.713650891944788035e-01 1.115590499292689122e-02
4.012743410001972100e-01 1.139572451400348505e-02
4.264808345619927610e-01 1.158393703086270723e-02
4.293109408092781187e-01 1.126822117337893982e-02
4.288499196035284733e-01 1.112498984483671974e-02
4.370525319097785522e-01 1.124964928095657270e-02
4.482208610241272262e-01 1.107527136599836641e-02
4.489658786542602420e-01 1.132572351320854619e-02
4.526687095929308180e-01 1.156682919249536409e-02
4.560176506144403286e-01 1.122919477174789959e-02
4.540760045351269203e-01 1.138459212011860844e-02
4.628793411584959938e-01 1.147559756665383901e-02
4.603467748751606248e-01 1.162809995048552474e-02
4.661323992886224898e-01 1.154110135487947976e-02
4.270972589597852864e-01 1.042898019713884780e-02
3.428248981828760922e-01 2.546005930328479328e-02
