5.380875591018430271e-01 1.448647485022773115e-02
1.441682746830357797e-01 5.681703592672704937e-03
2.175696196510820690e-01 8.156228299508546178e-03
2.589935017229417769e-01 9.696329124533019372e-03
2.831639304524201650e-01 1.130256517392069782e-02
3.071884784357898357e-01 1.332142193962902038e-02
3.392171400396344350e-01 1.567176285081349485e-02
3.759577357463727565e-01 1.825885578524368349e-02
3.861861164171615513e-01 2.001757781837616712e-02
3.815989559070727122e-01 2.176498653523296564e-02
3.921712894995810772e-01 2.341613911706228596e-02
3.957738030404461260e-01 2.519828270741175311e-02
3.977974358194178994e-01 2.669805807592839572e-02
4.054199045564885751e-01 2.847782234042806754e-02
4.138824371874991748e-01 3.045735541213514391e-02
4.284575252585118843e-01 3.286520108379419047e-02
4.210060835797653223e-01 3.423722787619189883e-02
4.084423423877385217e-01 3.454583475541176535e-02
4.394918095877349273e-01 3.844770840692235403e-02
4.022162371410613613e-01 3.805363040102772987e-02
3.191442147644785732e-01 5.929518410834051095e-02
