5.267822091092994041e-01 1.647433089197571088e-02
1.411647149951406055e-01 5.641705498573393839e-03
2.130752533009888372e-01 8.142310756608699129e-03
2.536891742077934109e-01 9.411934557669383167e-03
2.774145947249138100e-01 1.075366817159885933e-02
3.010056189162688134e-01 1.207943364031065225e-02
3.324495692052923945e-01 1.326836378923919313e-02
3.685236109725947284e-01 1.478520529501549732e-02
3.786179986999204106e-01 1.552547357399114945e-02
3.741881957875807241e-01 1.640548319513229422e-02
3.846245559138961601e-01 1.729120232874633081e-02
3.882277384956329125e-01 1.830399198611010192e-02
3.902831519065922961e-01 1.942241272355276285e-02
3.978333599909983920e-01 2.084157837830854371e-02
4.062107709298122260e-01 2.156595585380194705e-02
4.205915259997581868e-01 2.205832341011767020e-02
4.133514078680842196e-01 2.335702367931876550e-02
4.010884114568139536e-01 2.428544061742464802e-02
4.316566622927533459e-01 2.638059454817543240e-02
3.951168651159141509e-01 2.467618292207348837e-02
3.135676500431003877e-01 5.512017446380359370e-02
