6.301341595638081383e-01 1.502108907557321398e-02
1.715386288103273316e-01 6.012320580276882785e-03
2.568996265793108691e-01 8.475835957478160265e-03
3.004536260236626011e-01 9.642429652448046215e-03
3.241586435345192863e-01 1.055473106725504130e-02
3.524449214979474276e-01 1.167439592842498507e-02
3.848781741198010753e-01 1.258049999024234145e-02
4.126097247589120554e-01 1.334079319920630259e-02
4.166966394415990704e-01 1.354668336611830441e-02
4.207085827832165448e-01 1.383688730102663328e-02
4.289424664700576262e-01 1.427441891483841388e-02
4.410461572580317013e-01 1.443983508543482917e-02
4.443906800155616454e-01 1.516367160442486442e-02
4.535687488242689525e-01 1.561625814593613562e-02
4.646467716687680549e-01 1.571274939462143430e-02
4.630061767091608327e-01 1.655374549284582830e-02
4.759472251195130399e-01 1.747232422368771854e-02
4.749393451757740192e-01 1.805497382323656072e-02
4.823770664071458381e-01 1.848965130016088851e-02
4.489160262943189816e-01 1.717244071945685235e-02
3.777842169494836089e-01 3.834461073949736731e-02
