7.098709617631633328e-01 1.981824508689851091e-02
2.005253106638275884e-01 6.720455667290127846e-03
2.912171475606625815e-01 9.436007373642084015e-03
3.302335834903552536e-01 1.036537463301921008e-02
3.504897064938538587e-01 1.079498270432024606e-02
3.717562077603904225e-01 1.134805327133901059e-02
4.017690158646297638e-01 1.160017015979742348e-02
4.270831791285667478e-01 1.187911214989718911e-02
4.299944007755758246e-01 1.156318369715622803e-02
4.296096949016749433e-01 1.142776135398616312e-02
4.379053765110489937e-01 1.161356642471349405e-02
4.491760574448665500e-01 1.155165601523115704e-02
4.500033695921049071e-01 1.181172513919994706e-02
4.537961442473730234e-01 1.216535255655604164e-02
4.572354301455195946e-01 1.183706452458755352e-02
4.553702683265481999e-01 1.208811894036119355e-02
4.642819649598423637e-01 1.224737933280289383e-02
4.618245513738538088e-01 1.250757033637866188e-02
4.677126313652679723e-01 1.252947588079407829e-02
4.286220304289531380e-01 1.126619848421418421e-02
3.441105258071739392e-01 2.557857319066874149e-02
