8.175836702337520023e-01 2.297698043766158160e-02
2.420437285479722089e-01 7.979301876905544114e-03
3.392117854001572841e-01 1.084074342169950682e-02
3.740409619779166417e-01 1.145622740574924782e-02
3.901922187600145309e-01 1.151952589178173621e-02
4.048846549606771594e-01 1.162521601055903353e-02
4.335881211483949560e-01 1.160507273404991040e-02
4.578831097473008982e-01 1.163614586825084847e-02
4.590365658989077891e-01 1.118863902875105037e-02
4.574638254868272358e-01 1.074824443207379569e-02
4.671862301608084578e-01 1.067494118600415855e-02
4.771367154301896507e-01 1.044378213711899886e-02
4.784503699017386147e-01 1.052280320961308281e-02
4.805787320094523918e-01 1.054176709424787216e-02
4.793724392749695862e-01 1.000510105610678130e-02
4.746019762726952917e-01 9.716199760693027682e-03
4.806886244779092210e-01 9.504255219181009795e-03
4.804990922494604688e-01 9.412348660323829538e-03
4.859204993608571832e-01 9.249123423539293634e-03
4.451323026208384714e-01 8.118473814433617083e-03
3.436248070154148126e-01 2.109311494185643968e-02
