6.151663413017850468e-01 1.761425710813377399e-02
1.670829586350442986e-01 5.984748935140651351e-03
2.496573616891076541e-01 8.578418928455700324e-03
2.913191501494238334e-01 9.716022171321957862e-03
3.135883153339215079e-01 1.051830631136967814e-02
3.401764179068026417e-01 1.150402699523826733e-02
3.706354119735305042e-01 1.208726312058321789e-02
3.964366231585763067e-01 1.260987152446573639e-02
3.994523564812436089e-01 1.256656458428215099e-02
4.023806080375685879e-01 1.279702300993630464e-02
4.093222909522661324e-01 1.326264357820091180e-02
4.199146967781670625e-01 1.349607685375814846e-02
4.221362575136610173e-01 1.422488877709662813e-02
4.298743361408671748e-01 1.474805098942078355e-02
4.393716179611144579e-01 1.480768485638597927e-02
4.368240499932598553e-01 1.567720471406373883e-02
4.480115767506996360e-01 1.625998943997919097e-02
4.460456079741352275e-01 1.681796620197008665e-02
4.520000171301183922e-01 1.723624476530679142e-02
4.196890035362071947e-01 1.603733205451745789e-02
3.523846411561989966e-01 3.598213760183813226e-02
