4.606192697049942275e-01 1.438475991823365621e-02
1.171854934597723052e-01 4.951425413622408643e-03
1.820450203208069939e-01 7.362063145091914465e-03
2.215836107996475568e-01 8.839493675580954377e-03
2.435107447104519762e-01 1.040136075260782514e-02
2.692491538450889621e-01 1.208841244597719591e-02
2.975003135090906192e-01 1.343816969127247136e-02
3.307077451579649718e-01 1.522468002242242935e-02
3.437124456175613130e-01 1.605399934198285111e-02
3.436064051586222856e-01 1.687240378312188094e-02
3.498874402279269491e-01 1.786739971656144815e-02
3.519650385052892627e-01 1.928377343006756894e-02
3.447095465279682580e-01 2.072098822935132187e-02
3.558097257256012669e-01 2.237061935274519200e-02
3.753953702206681009e-01 2.381641386255813064e-02
3.873626294127132663e-01 2.619402491679503897e-02
3.950646282628536010e-01 2.818752985614841888e-02
3.849876331159823861e-01 2.968785623758737197e-02
4.022280003714321928e-01 3.257991891290512587e-02
3.610360439963311574e-01 3.035569719898536384e-02
2.840032292008134451e-01 6.200277470650088912e-02
