2.050084891705845069e-01 6.592290435435306517e-03
2.268335125964306975e-01 8.263537882646705343e-03
2.584988415599018818e-01 9.447938097221445647e-03
2.729110132564152580e-01 9.994381125805956029e-03
2.799788186433018744e-01 1.009545898477909147e-02
2.826261042121326894e-01 9.681048756207585523e-03
2.851580976668808276e-01 9.201031087271882569e-03
2.853705057193860473e-01 8.600916424283852960e-03
2.868480989752802968e-01 8.382890978209857347e-03
2.854538238812704409e-01 8.127858158662130267e-03
2.878521346729033259e-01 8.032766851497783953e-03
2.869264999278713923e-01 7.832692288504854161e-03
2.909016244548579544e-01 7.468122208636572210e-03
2.903780757911526011e-01 7.303786827807069032e-03
2.892741594269100380e-01 6.935239739718335357e-03
2.891767033927027386e-01 6.798934075330540817e-03
2.902089232049882561e-01 6.726176203342807379e-03
2.865484288405599766e-01 6.371027189062040789e-03
2.859466725273471233e-01 6.177745006230754739e-03
2.884685293517546545e-01 6.132622643361512402e-03
2.892536855755969416e-01 6.198726897204619515e-03
2.869073679468446825e-01 5.959452741906795178e-03
2.864446802946977733e-01 6.034605779206669851e-03
2.815859124013160852e-01 5.796002135229347436e-03
2.769059750106724338e-01 5.671022258398165233e-03
2.363780858399753826e-01 4.781657071548203915e-03
2.849699686085661043e-01 5.024229627992609151e-03
