1.173947089768789948e-01 5.182578977168140859e-03
1.127821069950328825e-01 5.492526219234096334e-03
1.442685883965327265e-01 7.010432130212711742e-03
1.648776033635326599e-01 8.170879384314599925e-03
1.802016188993347812e-01 8.846682213031599115e-03
1.923789453360192359e-01 9.215823852861791329e-03
2.016064350221819235e-01 9.499903026381989121e-03
2.081214337399654168e-01 9.679646834785497755e-03
2.131935411022134741e-01 9.876955660222426839e-03
2.165550733936399130e-01 1.025468274443073688e-02
2.249409324810797972e-01 1.080849182488963743e-02
2.232134515813492259e-01 1.125498270726092535e-02
2.272153366720996437e-01 1.204964865016044072e-02
2.291941230662994655e-01 1.258254467629089414e-02
2.263206177909765637e-01 1.295724020855809969e-02
2.293736106515207041e-01 1.384987478675956535e-02
2.308849401411142976e-01 1.491819022133841072e-02
2.217207382917457115e-01 1.501731184124671659e-02
2.260716602743647052e-01 1.603497759994371857e-02
2.308065086281469169e-01 1.699269216274341618e-02
2.267010271769807350e-01 1.717356993806774465e-02
2.221157815150206494e-01 1.733961019044652843e-02
2.235621121348321527e-01 1.811373386893365064e-02
2.161592184302437436e-01 1.843836688766774951e-02
2.128635924363599108e-01 1.923714648196727175e-02
1.807936985958744358e-01 1.698850198185803198e-02
2.439680484468403354e-01 2.176260046766548620e-02
