1.414218068442076037e-01 3.620667115827590297e-03
1.488001215020628987e-01 5.009232986556764848e-03
1.812294133032991139e-01 6.376771038097792978e-03
2.002276484475435936e-01 7.260310053012353909e-03
2.135898238830047369e-01 7.760456380602628185e-03
2.226744928367840048e-01 8.174898203211480516e-03
2.301568888094886745e-01 8.412328129458844853e-03
2.355068988439553423e-01 8.353333658431645256e-03
2.395885462235548269e-01 8.224890662440902805e-03
2.418215879272151148e-01 8.358489626672255951e-03
2.484880397040529210e-01 8.400788246793725392e-03
2.484384972469633190e-01 8.650787617775497484e-03
2.550907180771257998e-01 8.738493251874453541e-03
2.576495462465026587e-01 8.936208317917181468e-03
2.560245645355422317e-01 8.840916174266818736e-03
2.586499417388102851e-01 9.064409363095741676e-03
2.615622872114611863e-01 9.252944746694106645e-03
2.575136027001545536e-01 9.231598310449310937e-03
2.602971937836422445e-01 9.352737407590638180e-03
2.658751918462099462e-01 9.581890905346038614e-03
2.673671356586813652e-01 9.735413082916741234e-03
2.642455683617197515e-01 9.737290482837317879e-03
2.652027290003722282e-01 9.639262534961803158e-03
2.606733110295461620e-01 9.381047430350881663e-03
2.567920692861028198e-01 9.442435486764714364e-03
2.201408750689603788e-01 7.832602176068166264e-03
2.645217306488231723e-01 8.159230024482428192e-03
