1.487551160980827292e-01 5.523440535973278900e-03
1.558474925273813649e-01 6.516244100718562859e-03
1.890019224169091627e-01 7.887175520232991843e-03
2.079230263087261110e-01 8.778614986959145175e-03
2.208513723019725483e-01 9.159046527834708781e-03
2.292614422156768750e-01 9.141967327403049959e-03
2.359530145274396640e-01 9.056572135068519450e-03
2.404064909572860287e-01 8.807322144128939059e-03
2.435283979426240419e-01 8.661417265943383015e-03
2.447482706346756354e-01 8.585741463216042813e-03
2.504211795597724444e-01 8.680890501344266583e-03
2.493018287264118782e-01 8.731150621443301355e-03
2.548837984582616456e-01 8.831642887612137227e-03
2.563409326074745365e-01 8.935289473499485186e-03
2.536361883175233811e-01 8.789089939796101980e-03
2.551425962365079236e-01 8.982879758073152032e-03
2.569133757240342764e-01 9.237192860060113378e-03
2.518562703650223389e-01 9.042705480696250006e-03
2.534913140916920660e-01 9.112482633992387976e-03
2.578175141696438799e-01 9.292540506354019653e-03
2.581568347506798533e-01 9.304257672884680072e-03
2.540529957443362630e-01 9.138016100092410596e-03
2.538841568099776125e-01 9.216218277312305043e-03
2.484821428390606712e-01 8.895910765985193605e-03
2.437368678900269647e-01 8.795884661131066901e-03
2.080565109668094936e-01 7.309788251092867208e-03
2.489332917053506400e-01 7.455288932266096805e-03
