1.171655180577695771e-01 5.191329586974086259e-03
1.127672676378680683e-01 5.505070604653358561e-03
1.445127602579651949e-01 7.043840292018496187e-03
1.654579503195862666e-01 8.274675220962590672e-03
1.811658026522431353e-01 9.050537041083467349e-03
1.937611189644250220e-01 9.489446382497159285e-03
2.034253372232912305e-01 9.880254826626263739e-03
2.103822152201260121e-01 1.025393905893143796e-02
2.159025729723560716e-01 1.060506260576552645e-02
2.197069006505561750e-01 1.103616538309576921e-02
2.286311423162132594e-01 1.168947735450282313e-02
2.272892095578046834e-01 1.217970094528050828e-02
2.317862437892569127e-01 1.285539995673186733e-02
2.342313669415905242e-01 1.344818423411250734e-02
2.317166577233888414e-01 1.373083208894669907e-02
2.352708637079105047e-01 1.456439565892388675e-02
2.372530816948054677e-01 1.539529209135165853e-02
2.282517585216802536e-01 1.546836137970368508e-02
2.331554116240825147e-01 1.620119705383432987e-02
2.384728752259638873e-01 1.755412675062499941e-02
2.346583347930987495e-01 1.828351670562793421e-02
2.303315728995406209e-01 1.864956105070120218e-02
2.322543307604689466e-01 1.989159287689290859e-02
2.249732790806814875e-01 2.060353630433797364e-02
2.219474320052718386e-01 2.166225524464065674e-02
1.888528689349137091e-01 1.943474103529645516e-02
2.553082269904873303e-01 2.625878745254003541e-02
