1.742016081524194460e-01 5.957066855592997069e-03
1.873318272269505480e-01 7.272262142388232105e-03
2.205777716440636138e-01 8.563657156301685697e-03
2.378503057477047433e-01 9.328386570249164872e-03
2.485395420054135329e-01 9.586068067803654724e-03
2.546363225203523983e-01 9.350972135719008010e-03
2.595244801877313878e-01 9.049099123111449539e-03
2.620573361852752692e-01 8.639918798979536949e-03
2.647628387967517205e-01 8.469473104644541228e-03
2.651053398804672501e-01 8.293592655201818820e-03
2.692117177587858290e-01 8.301638687282798454e-03
2.683539246778410825e-01 8.237404464434749593e-03
2.735019376432284433e-01 8.056412450127729136e-03
2.742525947191261082e-01 7.984562721077914996e-03
2.723339003038407480e-01 7.695319370367429378e-03
2.731177721882712683e-01 7.688014346321545185e-03
2.744543708865809784e-01 7.708304595560566165e-03
2.702628157552765531e-01 7.454550322246509750e-03
2.710693157045939161e-01 7.332522214450428073e-03
2.750575692684604778e-01 7.435396245867000736e-03
2.756684655707838938e-01 7.615875306176795971e-03
2.731376029968685115e-01 7.501952130815848704e-03
2.729195830151784352e-01 7.730641929152037330e-03
2.684424699105020795e-01 7.570183902882592769e-03
2.647586437979634888e-01 7.614984432481323312e-03
2.253144951982315736e-01 6.459427469059112956e-03
2.708135682756567797e-01 6.952343782136842856e-03
