1.743694485843440556e-01 5.941761276337700383e-03
1.873541064220707875e-01 7.248579458412253256e-03
2.204178719163928379e-01 8.527337326995034633e-03
2.374773461544580633e-01 9.246914535466147292e-03
2.479404468368563430e-01 9.468491727649734624e-03
2.538082018522844208e-01 9.212992979318086403e-03
2.584622028667954985e-01 8.897990122946008995e-03
2.607644877524886717e-01 8.430145697890085998e-03
2.632343534895157933e-01 8.222913765472652375e-03
2.633524881475641233e-01 8.039314172743776410e-03
2.672060717089871362e-01 8.016625130568576230e-03
2.661299346647474917e-01 7.938933348627516193e-03
2.710064307811730910e-01 7.755137824261189305e-03
2.715209516063449291e-01 7.659713882339023311e-03
2.693938771660309150e-01 7.355224480396647425e-03
2.699413335053171825e-01 7.345635404537947943e-03
2.710335117456830201e-01 7.368044858801475923e-03
2.666690112646893374e-01 7.053141863734947899e-03
2.672391155924329076e-01 6.938357075670695435e-03
2.709422169363427391e-01 6.977650449844136071e-03
2.713148601249028569e-01 6.996392667776359965e-03
2.685971491875838724e-01 6.789572764522748723e-03
2.681563076608458607e-01 6.853328372960544937e-03
2.635347906722697031e-01 6.518251596725792990e-03
2.596990085029725615e-01 6.466251382812492760e-03
2.208221778762640697e-01 5.317753564553991813e-03
2.651901500809816237e-01 5.219734957465488150e-03
