1.456264596185063709e-01 6.234436271599716993e-03
1.373757806232396572e-01 6.278349948345600742e-03
1.721642749548560891e-01 7.886408788264255218e-03
1.937045832697849301e-01 8.973717299476751535e-03
2.074945332015441235e-01 9.579094761464877067e-03
2.176399764212000598e-01 9.760970374003509475e-03
2.266761085468878001e-01 9.891431019457585724e-03
2.315628573304466531e-01 1.001151111631682668e-02
2.374547789541989196e-01 1.036200304403689203e-02
2.403606702601132350e-01 1.077727250375025772e-02
2.473362564604366098e-01 1.135174383699015695e-02
2.466541474126805189e-01 1.172422601293436617e-02
2.506805823181564863e-01 1.223992641771743523e-02
2.545831554510962769e-01 1.276561515097301112e-02
2.588417833983909233e-01 1.319891966257996305e-02
2.640251558265185872e-01 1.391332041901900858e-02
2.657357893881264199e-01 1.471338643767628428e-02
2.594886169998113501e-01 1.466530855935491845e-02
2.644901066568008385e-01 1.566841787123544882e-02
2.683072339051006949e-01 1.660125917852401864e-02
2.690018250859848581e-01 1.698003539955292296e-02
2.668204119771059868e-01 1.744498412775723553e-02
2.672848873618291488e-01 1.821784922216844460e-02
2.619358556639537206e-01 1.858700155851826172e-02
2.552806089591384553e-01 1.983543731660034407e-02
2.223841456539082106e-01 1.786760120509714445e-02
2.950817084082239528e-01 2.312397891239731385e-02
