1.383003602904471496e-01 4.164631893111634363e-03
1.311585430763576865e-01 4.800978577837876522e-03
1.652467165824765827e-01 6.324781003487052466e-03
1.869102369688021570e-01 7.366912306649678506e-03
2.012812128687568591e-01 8.100191628137357741e-03
2.122455738788944501e-01 8.649222284168452471e-03
2.222332875042499212e-01 9.095326982977202171e-03
2.282315358420718421e-01 9.434654853809209749e-03
2.352832756437867601e-01 9.810076265406784263e-03
2.394291039090930828e-01 1.043415551274583589e-02
2.476878523013812117e-01 1.110373361708449913e-02
2.483183060200948311e-01 1.179575064996047327e-02
2.537139809786955191e-01 1.244011965323064267e-02
2.590339931004957408e-01 1.310005746538189797e-02
2.647676185126565107e-01 1.361200556912447839e-02
2.715058451095658243e-01 1.432264822948180714e-02
2.747181263297736042e-01 1.515984283756658182e-02
2.696863517496185803e-01 1.528560483476811352e-02
2.763461885545311358e-01 1.644414779026426993e-02
2.818251972675184791e-01 1.751154596288771736e-02
2.840573653692615164e-01 1.789926431451249050e-02
2.832521851331539220e-01 1.854112745834191750e-02
2.852541771420274430e-01 1.944172109808776569e-02
2.810321145515148888e-01 1.987821622937489818e-02
2.753481842083269626e-01 2.121925717015894428e-02
2.411413023494046459e-01 1.921529721313891548e-02
3.216721484061665914e-01 2.506983183398163104e-02
