1.951598855298517787e-01 3.722508732397948952e-03
2.165942472746873737e-01 6.024186249906669094e-03
2.475821275868449745e-01 7.314136774306361811e-03
2.621819210853916782e-01 7.859228494118644659e-03
2.697912411949257572e-01 8.082881312774915436e-03
2.731718422398368706e-01 8.190632405385468023e-03
2.764587615115196018e-01 8.067025815816773748e-03
2.775074994590172595e-01 7.750945117773233410e-03
2.797941341016161321e-01 7.530615323932955164e-03
2.792823462068149132e-01 7.533718694349711420e-03
2.824867379440124671e-01 7.386230739572171439e-03
2.824361349477858552e-01 7.479820443201028700e-03
2.872213607798662638e-01 7.142947346705932378e-03
2.875778297954189044e-01 7.001675204322472743e-03
2.873572833206269328e-01 6.599577526626682934e-03
2.881355610925285249e-01 6.486889735895258816e-03
2.900449515012085699e-01 6.311583678672825354e-03
2.872589510491811438e-01 6.106423386852788231e-03
2.875289483155198944e-01 5.904912365716246357e-03
2.909483905200581644e-01 5.942614981552200339e-03
2.926290314518951163e-01 5.969818212673585339e-03
2.911395456069549303e-01 5.757315192454811464e-03
2.915555074695019289e-01 5.637262867966170814e-03
2.874831546713131902e-01 5.395970323912598933e-03
2.835664167427876525e-01 5.295771866429700887e-03
2.428011110803294514e-01 4.318006975872492291e-03
2.936050646375245043e-01 4.221354501902395591e-03
