2.285397070964347222e+04 2.286228655797053943e+04
3.720835401401292074e+03 3.717862342576823266e+03
1.581704951541860851e+02 1.558609786969468587e+02
4.860999709890219123e+00 6.789814400372507386e+00
1.018638766826536646e+00 7.197163166717170935e-01
1.429150983348049131e+00 3.398059850365098833e-01
1.232820926420497676e+00 3.336825895974677159e-01
1.073700666242321189e+00 3.266851475461051701e-01
9.669137677552488430e-01 3.177169692955648106e-01
7.946368038651121513e-01 3.160427294390924513e-01
7.235738351497759124e-01 3.160589529680650211e-01
6.752271055180162351e-01 3.151639449733635301e-01
6.828970212129974460e-01 3.080304569100105749e-01
7.213911206525106534e-01 3.059027206365319551e-01
7.057474424634869736e-01 2.992818293395447804e-01
6.249460922534908480e-01 2.994496751065864881e-01
6.275893014549637217e-01 2.975670961313984786e-01
4.589029431362273703e-01 2.978218668320774531e-01
4.284730331486495958e-01 2.962313565119041314e-01
3.712120615190172002e-01 2.997212420125815457e-01
3.697739826735146895e-01 2.991139303025890928e-01
4.387724500483102807e-01 3.016300410168253898e-01
4.311439280013774633e-01 3.031687699122070923e-01
5.430859014679585428e-01 3.050448969857296189e-01
7.383120408213750263e-01 3.038043301238366189e-01
2.328410932607678951e+00 2.670618168087930955e-01
2.407574461788363762e-01 3.364908665244573660e-01
