6.759137149698132998e+04 6.760585823194320255e+04
3.109775992672922257e+03 3.113994886620398574e+03
4.611268548164612753e+02 4.644066846389434318e+02
3.934053718412883427e+01 4.222102874581432275e+01
5.801715021821656215e-01 3.166691875221477215e+00
2.123858357747023362e+00 2.862550192754435563e-01
2.089861145071233217e+00 1.757194965558873112e-01
1.854494069118629351e+00 1.874614917107340906e-01
1.650430141514721782e+00 2.000138871456082768e-01
1.493414233242876588e+00 2.128767449855477334e-01
1.346377539191053962e+00 2.266669316810506762e-01
1.233884981235283673e+00 2.384760774236363567e-01
1.114925673794613381e+00 2.491291669376252127e-01
1.094969296319226792e+00 2.612256342451532709e-01
1.045079323208261801e+00 2.759472047322551469e-01
9.730706649151430465e-01 2.864008463061102905e-01
9.864595700797323952e-01 2.976273555513164193e-01
7.983323188695137240e-01 3.149284974622260092e-01
7.281987881764464543e-01 3.305392924514596320e-01
7.208995130838611320e-01 3.438034861630189232e-01
5.243785786182835196e-01 3.688879340033895393e-01
5.349112923836412126e-01 3.770013654787841562e-01
3.784146235873113717e-01 3.938446122905213120e-01
3.672074192763786216e-01 3.984984302051800542e-01
3.923026276865406170e-01 3.948447913289372391e-01
1.281083024068595977e+00 3.477698240055318579e-01
6.545992718915699671e-01 3.635295650048748217e-01
