5.321342194727370043e+03 5.324084143258610311e+03
9.006501687841478088e+01 9.194483747906184590e+01
1.715765386570268447e+01 1.873656806577103140e+01
4.475454848109921890e+00 5.907814547852799691e+00
7.420623820254085290e-01 5.783725661055226785e-01
1.200765335317631077e+00 8.185037816527437893e-02
1.130013201636568709e+00 8.082924723116390042e-02
1.046184768936170073e+00 8.422129216231270810e-02
9.514385844910349110e-01 8.793253254283173170e-02
8.691637197695820660e-01 9.327865534225547595e-02
8.257139968113335060e-01 9.853398962270561168e-02
7.912309154676478995e-01 1.025938374441840439e-01
7.561720217700104163e-01 1.072746425085743804e-01
7.562037114217915468e-01 1.121008735206156376e-01
7.480731802216594728e-01 1.162599667331011832e-01
7.242165999914058627e-01 1.216824404899676110e-01
6.893490820244421169e-01 1.252071619039483164e-01
5.859328138229407124e-01 1.323817558862354360e-01
5.306690779689496873e-01 1.388297300449804761e-01
5.239856098849348109e-01 1.462419369271824032e-01
4.781744345550882347e-01 1.539121796986652191e-01
5.075853245302246464e-01 1.627053527319658188e-01
4.587095059939028108e-01 1.723042523022222106e-01
4.800668754457286247e-01 1.793612482677426068e-01
4.503976718402251667e-01 1.935517377342194367e-01
8.138387160131989040e-01 1.732013113342284749e-01
3.798227185267931683e-01 2.177713528062124315e-01
