8.534506556203319633e+04 8.536489135944884038e+04
2.785031169846668945e+03 2.789639292298539203e+03
5.079786771855367533e+02 5.111337087648392412e+02
5.215660716992564261e+01 5.475103974462553680e+01
1.878512563687111170e+00 4.100647368283846461e+00
1.652557869449291950e+00 4.216427266894464121e-01
1.617122174890868180e+00 3.122702816530611436e-01
1.390915415591473359e+00 3.107714919993351255e-01
1.211984116056970429e+00 3.073487139800261114e-01
1.013448644527067399e+00 3.091288536955338340e-01
8.937603289493538661e-01 3.121983825638490195e-01
8.227576835618621853e-01 3.142449051914256719e-01
7.891302250307942190e-01 3.109121917418660730e-01
8.001837815833884315e-01 3.128056940222337379e-01
7.523159414118447685e-01 3.090741923541843739e-01
6.746951008964846563e-01 3.116266658181598426e-01
6.770444044008440132e-01 3.123846938489518443e-01
4.862323503447662509e-01 3.163111929625606611e-01
4.405680108044944809e-01 3.180131924860676307e-01
3.810139136702841989e-01 3.230693746138739164e-01
3.178699086531148188e-01 3.265177887831468007e-01
4.137006612558146168e-01 3.318322077730882502e-01
3.963784685622624981e-01 3.367442093828366123e-01
4.943059912230536868e-01 3.423003532402090210e-01
6.728936961455774801e-01 3.443555467341916088e-01
2.148460018408782979e+00 3.036151587290131793e-01
3.930173463691147284e-01 3.758694783810104245e-01
