1.327437127824246665e-01 2.794267092199981609e-03
1.559940552924972412e-01 4.091073888467688068e-03
1.718896082306064221e-01 4.624367919803758220e-03
1.775863705655348901e-01 4.955067601099285429e-03
1.776913760197030845e-01 4.733110559060347937e-03
1.810077020604128339e-01 4.700368591699366494e-03
1.824335906839483490e-01 4.413946830069946127e-03
1.830276268534838657e-01 4.202005518651213099e-03
1.856402202982732064e-01 4.109450323556505975e-03
1.868268004673361571e-01 3.969593034072927198e-03
1.872237252915190941e-01 3.871727197045331595e-03
1.853195931273166619e-01 3.699650595435143973e-03
1.866817193080782256e-01 3.670976966985582159e-03
1.874263630927976154e-01 3.543969016004994317e-03
1.893344146600907940e-01 3.531410671784497839e-03
1.902093080538287406e-01 3.563311424527221098e-03
1.902603357475149137e-01 3.557407755733381100e-03
1.935343244659426254e-01 3.610254791383823731e-03
1.925540050743217435e-01 3.454782990503415824e-03
1.714812193114398087e-01 3.066324516087760247e-03
2.028420715871038782e-01 3.073960101000274697e-03
