9.490579254818824750e-02 2.423157034292759172e-03
1.074282972181244827e-01 3.229443877274069605e-03
1.269912520320977678e-01 3.870146548771474099e-03
1.377474455819841515e-01 4.368670165326759072e-03
1.434845699596763446e-01 4.449008573195602050e-03
1.506635285365691967e-01 4.686445539727255964e-03
1.563881862836420389e-01 4.745670869299955380e-03
1.600395645943293033e-01 4.797952012392899500e-03
1.633644735209333898e-01 4.972277354853480574e-03
1.652532069119037050e-01 5.067185468758757597e-03
1.671590184614354380e-01 5.105714582716211133e-03
1.667027532911538046e-01 5.203728566951403706e-03
1.716891697458224064e-01 5.375027218154091249e-03
1.740767806472058310e-01 5.377606997074907066e-03
1.776621939484847035e-01 5.585527474061972690e-03
1.787093279316540606e-01 5.743368786301565089e-03
1.782337381720895397e-01 5.894493607404932556e-03
1.825687385803869689e-01 6.162153624971439259e-03
1.795542729884687383e-01 5.884430869816215971e-03
1.583466903972379491e-01 5.244822874966480891e-03
1.814169158401092719e-01 5.157543221465085530e-03
