9.447591750678623057e-02 2.943881398389026384e-03
9.600863614096145915e-02 3.241824533649815231e-03
1.174011457717735740e-01 4.057585336256931859e-03
1.311596807925728692e-01 4.756633620620014276e-03
1.395616475634552933e-01 5.077917973252946485e-03
1.493483756926125283e-01 5.591001187592200411e-03
1.559295303147749667e-01 5.943022311181615260e-03
1.598027517299853151e-01 6.285814821440192587e-03
1.631127622452786252e-01 6.678468538753521734e-03
1.660009301696997452e-01 7.137572258577341844e-03
1.685765090113686138e-01 7.513974893092365340e-03
1.685491300922038749e-01 8.036307070754658555e-03
1.708605897789773898e-01 8.597014824010497033e-03
1.689548407767335336e-01 9.073638653947710409e-03
1.681540192232794662e-01 9.691075379902743328e-03
1.708441780583807024e-01 1.039614128562938757e-02
1.617637920426172049e-01 1.111656244414524833e-02
1.690770493977081790e-01 1.216447479485704974e-02
1.673002202933051297e-01 1.227483476088192700e-02
1.512814096510369244e-01 1.173255731637740801e-02
1.720400675563571458e-01 1.271059509820283116e-02
