9.444729883807695403e-02 2.943989081878292495e-03
9.601297359177517199e-02 3.239348255019865001e-03
1.174473310175033480e-01 4.065867832021999827e-03
1.312569668223944608e-01 4.773410604087847953e-03
1.397137975373539953e-01 5.115087346417667921e-03
1.495632554612720266e-01 5.610068883995778660e-03
1.562082522494058212e-01 5.929382481837120085e-03
1.601441403270016106e-01 6.221819656232535287e-03
1.635181398193336910e-01 6.555007817346700585e-03
1.664714313400209589e-01 6.930512202970195122e-03
1.691131755114077817e-01 7.343001266252690076e-03
1.691445856574086692e-01 7.798538317902580820e-03
1.715239157692838023e-01 8.354958774183133402e-03
1.696698271991995688e-01 8.888243192849474769e-03
1.689244163027542045e-01 9.590522015774455289e-03
1.716866611694192468e-01 1.057189119026415505e-02
1.626181015610377589e-01 1.126062410475634976e-02
1.700291659406672762e-01 1.252180757931553243e-02
1.683009136117828708e-01 1.292089958065683296e-02
1.522392794831398388e-01 1.273362066944071572e-02
1.731896594101141607e-01 1.398246851989005946e-02
