7.512121861972290149e-02 2.451554343013185450e-03
7.875094776372626448e-02 2.861992404827139961e-03
9.911283564995140849e-02 3.618710273982229508e-03
1.132510154706191652e-01 4.277371153166700975e-03
1.226827035049856546e-01 4.660137153239525196e-03
1.334466480447075720e-01 5.207139668461483600e-03
1.428080220303668546e-01 5.611300646734123342e-03
1.495667850119961340e-01 5.996715676315386191e-03
1.531871771001979410e-01 6.427719376683793673e-03
1.569201361774038850e-01 6.990578308049215372e-03
1.620499961276487266e-01 7.361530206852634657e-03
1.645833055173713533e-01 7.945385691107474321e-03
1.722905117483856385e-01 8.443730403151512159e-03
1.747218697739722770e-01 8.819828055282195531e-03
1.788792413362129685e-01 9.605601063111156995e-03
1.823211560510604179e-01 1.033784646970343883e-02
1.784795695979949637e-01 1.097542749474124044e-02
1.877706764448567045e-01 1.199505465234284272e-02
1.829816715674012773e-01 1.186913583325593241e-02
1.605187344182039677e-01 1.088902272576909580e-02
1.788161000111311016e-01 1.113843018987067772e-02
