1.120416462068790503e-01 2.499769879752460761e-03
1.291632510070543360e-01 3.544720468864738169e-03
1.477266995816649831e-01 4.119631842100328172e-03
1.564779469877028428e-01 4.532960513676532674e-03
1.597194974406837276e-01 4.458070107499816949e-03
1.650047582779906041e-01 4.546877885612513395e-03
1.685376145960075234e-01 4.419786482718944011e-03
1.706679779212096904e-01 4.324044086765764690e-03
1.737355122686332909e-01 4.337680887445731492e-03
1.753648039010306525e-01 4.280243551693977376e-03
1.763630789581312197e-01 4.222783018039317354e-03
1.748919552251895215e-01 4.140805427589862829e-03
1.775900611016014430e-01 4.191785355165971241e-03
1.788575044287747939e-01 4.095725070331341158e-03
1.814253501702364768e-01 4.147993865578741488e-03
1.825195761775221526e-01 4.217930734956641496e-03
1.822675955664810610e-01 4.259915109625042953e-03
1.857661535047330781e-01 4.363184677593139570e-03
1.840482957251995400e-01 4.167776772574856292e-03
1.634457188513059045e-01 3.683713852191492204e-03
1.899668230225145527e-01 3.482348060367386131e-03
