7.529302835749800138e-02 2.194210923006974061e-03
7.900241527615681214e-02 2.720399855182208983e-03
9.951921005135562492e-02 3.500633926158948101e-03
1.138181604375521627e-01 4.173780584406770570e-03
1.234085455581138968e-01 4.596331947198415563e-03
1.343575279116634158e-01 5.147054845535756727e-03
1.439127850311453516e-01 5.647665893508938342e-03
1.508600930132638629e-01 6.102733427976372166e-03
1.546514743674100301e-01 6.557355974939996744e-03
1.585633332292082365e-01 7.097141433293291390e-03
1.638949432490132418e-01 7.384562188252383197e-03
1.666075770679156798e-01 7.990539879871895457e-03
1.745672489858172971e-01 8.426372185210145513e-03
1.771907777432502606e-01 8.806552976425309140e-03
1.815708927379086346e-01 9.648659973567865616e-03
1.852319033723656416e-01 1.040870664506605286e-02
1.814929134483511952e-01 1.101619515866063617e-02
1.911135025811895871e-01 1.211740288727989126e-02
1.864076067337059606e-01 1.207497280819876118e-02
1.636719308336782031e-01 1.122587553092623848e-02
1.824935570903698234e-01 1.150634944297228290e-02
