1.123843068490826547e-01 1.975613323368525295e-03
1.295566252724686951e-01 3.293400516432378345e-03
1.481747228702715580e-01 3.923271030204877538e-03
1.569505121146050897e-01 4.396497283388985967e-03
1.601998118931309278e-01 4.387306496778770569e-03
1.654988590871501186e-01 4.520217462767756392e-03
1.690401416393964296e-01 4.564780472813001477e-03
1.711746770883845747e-01 4.552964268702593652e-03
1.742490995781023899e-01 4.605499046599599057e-03
1.758809677354663259e-01 4.584442319329811930e-03
1.768799284684280937e-01 4.439775549582500140e-03
1.754022596610236850e-01 4.389793605976100369e-03
1.781059699102126581e-01 4.359951717139726873e-03
1.793748108373897643e-01 4.262297293170690810e-03
1.819477663545294999e-01 4.320083448777300647e-03
1.830428120919428414e-01 4.301119960233120397e-03
1.827877812612013764e-01 4.301053160245072414e-03
1.862939514589154744e-01 4.403115482330052614e-03
1.845688623698795439e-01 4.252772191337583947e-03
1.639059252789083487e-01 3.745330261303289610e-03
1.904992776111025798e-01 3.469059553243320979e-03
