1.331891199839337625e-01 2.061606927212461440e-03
1.564648951233517105e-01 3.750220744640809373e-03
1.723505060289472479e-01 4.353262470720997007e-03
1.780027240706180680e-01 4.748184486763040377e-03
1.780481410887433114e-01 4.603371978117821312e-03
1.813101947161846472e-01 4.619878319837739632e-03
1.826770760099598601e-01 4.541984582213670282e-03
1.832103355880387030e-01 4.430552824708752606e-03
1.857631097694742717e-01 4.395598882761013286e-03
1.868876702036526005e-01 4.288857908940773428e-03
1.872218068366303112e-01 4.094736929904091091e-03
1.852554374866440812e-01 3.956402748044172100e-03
1.865543988896349314e-01 3.844167058619095152e-03
1.872356126611846583e-01 3.702173542278194146e-03
1.890781809737125119e-01 3.679737613376328226e-03
1.898880768041258660e-01 3.604455080968877768e-03
1.898752091092018313e-01 3.561611026117165839e-03
1.930776851596288368e-01 3.590014858817583334e-03
1.920351437303651765e-01 3.442260331119732265e-03
1.709616881197584815e-01 2.992306069809467801e-03
2.021595899352824632e-01 2.845275228054599051e-03
