9.493838444356147988e-02 2.428955707240499674e-03
1.074236613166932169e-01 3.235724157969933727e-03
1.269367003181159914e-01 3.888609833695107210e-03
1.376350659103462715e-01 4.388355923593404047e-03
1.433121076590231080e-01 4.484339648929563243e-03
1.504242859244870889e-01 4.724231919150609534e-03
1.560795156075447387e-01 4.778839514105629599e-03
1.596619643792102639e-01 4.835607187312827154e-03
1.629160478390359323e-01 4.981867388518602772e-03
1.647359126237570304e-01 5.031755145823645428e-03
1.665713646849036333e-01 5.060438443998929205e-03
1.660525104108442895e-01 5.100392662963288901e-03
1.709533890673612389e-01 5.271196041171509472e-03
1.732637868886598986e-01 5.310968363263220832e-03
1.767641211225886577e-01 5.581513791935241962e-03
1.777372516534318214e-01 5.999716329209447453e-03
1.771957479193387308e-01 6.168063723191191498e-03
1.814353624578879387e-01 6.585002443870436456e-03
1.783706553835404662e-01 6.552539885002554333e-03
1.572420855268454043e-01 6.087395289648287779e-03
1.800817596361625195e-01 6.394601357119785758e-03
