1.821277203620824126e-01 6.189573092323678513e-03
1.982669545305582592e-01 7.696786378842421575e-03
2.309448665813904067e-01 8.965048872416721965e-03
2.487999722206802045e-01 9.728370091101990608e-03
2.596770307132075795e-01 9.967453042198953783e-03
2.660969945858093766e-01 9.729992945445768357e-03
2.713422222172771070e-01 9.412801683460562605e-03
2.740710047670887883e-01 8.941615503901564552e-03
2.765935738747275496e-01 8.695284709778284063e-03
2.766991913294669092e-01 8.476032677895848494e-03
2.809522235288053893e-01 8.451520465015505829e-03
2.800143692296528930e-01 8.371703266335453128e-03
2.853759751450526960e-01 8.214010600292472736e-03
2.861891928440883914e-01 8.116618680107724401e-03
2.843794277396756165e-01 7.812914429591600804e-03
2.853548625309307307e-01 7.794066085111500848e-03
2.866668094896034358e-01 7.827263647714612083e-03
2.821120427557690102e-01 7.508028813005484907e-03
2.828524743461225399e-01 7.417363438758567407e-03
2.864059382150863642e-01 7.470111598030132992e-03
2.867882262506055158e-01 7.510538893074110954e-03
2.840503399054083999e-01 7.319154640098844179e-03
2.838861441834960586e-01 7.347526042177862822e-03
2.785111717619641603e-01 6.992897926816865097e-03
2.744287953431670535e-01 6.900896085302122250e-03
2.335651554118945705e-01 5.646484426017792449e-03
2.815356787843537600e-01 5.566445670979151307e-03
