1.179307727674884371e-01 3.855583481868287993e-03
1.149960746170010095e-01 4.647329949159018266e-03
1.466149510445021176e-01 6.115667347688648683e-03
1.686396676438404740e-01 7.301367938243688918e-03
1.855002894720586271e-01 8.111434744562507834e-03
1.995960477533960387e-01 8.841750854052815231e-03
2.110011720944926783e-01 9.445008977498885183e-03
2.196926224208246847e-01 9.831721477339292956e-03
2.264468725904989210e-01 1.003401916995210093e-02
2.317291197257117241e-01 1.061315383637469363e-02
2.423870095546659664e-01 1.116704655245346484e-02
2.422861710914380462e-01 1.179458260729844207e-02
2.482594943303034762e-01 1.263334344840400664e-02
2.525443773373414746e-01 1.332728947869507921e-02
2.515129025419128306e-01 1.372952665895350866e-02
2.568075323468813620e-01 1.456797560863375141e-02
2.599582191238391515e-01 1.560041428004378845e-02
2.519599466427189793e-01 1.573247615987626025e-02
2.578213076583740770e-01 1.682539279043769251e-02
2.637295521804873810e-01 1.787741933114568582e-02
2.603566596158535251e-01 1.824012729003534131e-02
2.572584451630701707e-01 1.863417591506479065e-02
2.609084381602430058e-01 1.932100789325325030e-02
2.534288813900906767e-01 1.944813306063753605e-02
2.532588834442966452e-01 2.042168846973393959e-02
2.170556613730088569e-01 1.786241808095583028e-02
2.906310336343500556e-01 2.280535677911221110e-02
