1.514195116914436590e-01 6.431571194467145154e-03
1.454443925367725210e-01 6.678145375026907013e-03
1.811120323488387973e-01 8.319064084434493397e-03
2.045310064312844955e-01 9.530812928581924512e-03
2.200735893706976809e-01 1.023982367828554091e-02
2.319821821698021258e-01 1.050692478755604550e-02
2.427716486532116025e-01 1.075728727107592465e-02
2.491719235106286401e-01 1.102872973179093788e-02
2.562394534559305215e-01 1.143451157132168577e-02
2.607726985824140864e-01 1.183403605235786721e-02
2.695727013847511455e-01 1.242757020771475401e-02
2.697468010572131036e-01 1.289144263298986313e-02
2.748349433069752767e-01 1.327186761847649193e-02
2.795091158296840184e-01 1.370822198378966045e-02
2.845958062781362430e-01 1.408645935132154386e-02
2.912024378041329076e-01 1.473554575711351865e-02
2.936746564415951832e-01 1.539384030987118492e-02
2.875243630923571825e-01 1.551855117448882465e-02
2.936588259000980083e-01 1.617444569929225168e-02
2.983766886799992246e-01 1.728782260223014206e-02
2.996128924226454382e-01 1.810208623228915306e-02
2.986596718005492535e-01 1.893219520888110227e-02
3.005810039873908490e-01 1.999683038910056790e-02
2.942311474025477436e-01 2.101820086034196164e-02
2.892467555934157275e-01 2.222429613873250220e-02
2.534149307119946681e-01 2.056262611146061209e-02
3.334631714507158007e-01 2.685235694940985365e-02
