1.488746346780384366e-01 3.824695453189174473e-03
1.581948973560647898e-01 5.354805996268275151e-03
1.907588117589557875e-01 6.754808611110388154e-03
2.107088752949431709e-01 7.698883311794578119e-03
2.246238736296912175e-01 8.231553903685909918e-03
2.344577520411475491e-01 8.683093003076475941e-03
2.426480025598956314e-01 8.948453133683921881e-03
2.486106168838356223e-01 8.910983984433651708e-03
2.528390158026088685e-01 8.763528760071130630e-03
2.551106098305653269e-01 8.890875305120183800e-03
2.622821979058114206e-01 8.920097626848536715e-03
2.624000899439186685e-01 9.170517700073639242e-03
2.694666955606723202e-01 9.277165555116319642e-03
2.724721418810465146e-01 9.474079795843581842e-03
2.711353448782773956e-01 9.366263264988870796e-03
2.741382709064724699e-01 9.570474845681216716e-03
2.773106079443132810e-01 9.761107069400429617e-03
2.730241935488667004e-01 9.716582466288441536e-03
2.759906894685152379e-01 9.855898212110379697e-03
2.811079277322257042e-01 1.007737583866577871e-02
2.822742582122499400e-01 1.021918883246985925e-02
2.792619202532793388e-01 1.020472676036260004e-02
2.806929216795595039e-01 1.004079872840849506e-02
2.757013350020147135e-01 9.686014381828339515e-03
2.723168221940305833e-01 9.739068235165753221e-03
2.327672512389870052e-01 7.934246033598539583e-03
2.818491360062065909e-01 8.302812250594896956e-03
