2.021649083582054696e-01 3.849696470951420764e-03
2.278971509966933595e-01 6.408371717939672502e-03
2.576847742636412808e-01 7.709931248496627518e-03
2.726802574579103022e-01 8.300272115507358051e-03
2.803833958638713986e-01 8.548875384185552345e-03
2.839290634515918565e-01 8.688956215184305554e-03
2.874902195178647979e-01 8.580252636650145814e-03
2.886768895383314271e-01 8.270368204036177007e-03
2.908497037102467653e-01 8.019142496405581508e-03
2.901897810466311789e-01 8.000802062765662026e-03
2.935076101905134127e-01 7.845604441750022792e-03
2.935083836337584740e-01 7.942796391359491920e-03
2.987698234386251261e-01 7.620853761981543316e-03
2.991386068520995867e-01 7.468260583018430411e-03
2.990900831960025541e-01 7.057095269211600269e-03
3.000213342752124368e-01 6.940972815120810373e-03
3.020494272503864153e-01 6.751468891985908799e-03
2.989956292525540182e-01 6.544269514396228865e-03
2.993834506303347243e-01 6.347040372366746785e-03
3.027920702835678046e-01 6.392803005618011118e-03
3.045816559820727631e-01 6.420316398686474156e-03
3.029600681589695865e-01 6.198733992710095224e-03
3.034561082289334299e-01 6.024765804589734750e-03
2.985267205973466953e-01 5.730527471450785545e-03
2.941039028853782433e-01 5.592062914656067973e-03
2.521502930159785771e-01 4.498205140016656167e-03
3.051610480145011683e-01 4.343337826390146483e-03
