1.241750879030293769e-01 5.473485012347741041e-03
1.204484056656932173e-01 5.877208923687814689e-03
1.527590706259222275e-01 7.429194539973912013e-03
1.747830016425240551e-01 8.661800242897962909e-03
1.912470546967387219e-01 9.378167932101156429e-03
2.046976276179112431e-01 9.782752080996591840e-03
2.152565858318706005e-01 1.008952690608898306e-02
2.229450123454424226e-01 1.029918499987425573e-02
2.285911029329377731e-01 1.047604028756510437e-02
2.326935342242046345e-01 1.082786501340266168e-02
2.421161462404819720e-01 1.137593956243442353e-02
2.407430435807029478e-01 1.179343040260688764e-02
2.453814308342786021e-01 1.261078227708029367e-02
2.483042996575631212e-01 1.311865468431018707e-02
2.459900344263652727e-01 1.345011196615355370e-02
2.498479036841655121e-01 1.423278882939022806e-02
2.515835339559661654e-01 1.528097170210023469e-02
2.425609449901156844e-01 1.529584939816069564e-02
2.468987453629370166e-01 1.625347063979796364e-02
2.512288912032270005e-01 1.712974216405413821e-02
2.467119484329990675e-01 1.732958189040412211e-02
2.424944709433038137e-01 1.753679061887168308e-02
2.446420083713617688e-01 1.822750642495697682e-02
2.363794528398460715e-01 1.837638103044182333e-02
2.349789789009227026e-01 1.908038566015221593e-02
2.003300734583969289e-01 1.668011202559191442e-02
2.668257426970689905e-01 2.100511219316800529e-02
