2.123613345402312058e-01 6.781573054584178264e-03
2.387201538282557878e-01 8.725699238266691055e-03
2.691655440594233339e-01 9.867225052011905501e-03
2.840304612568481657e-01 1.043742769227090292e-02
2.912353123397631860e-01 1.054187900080692276e-02
2.940912529649423734e-01 1.013256291401398376e-02
2.969448853273926603e-01 9.634541860927716209e-03
2.973345035910145429e-01 9.019135389802018093e-03
2.987324732866585286e-01 8.755993600929752249e-03
2.972189123954373513e-01 8.462254935625660932e-03
2.997741699718168285e-01 8.371395304970767615e-03
2.989343835406907957e-01 8.181507323228575171e-03
3.034398446413629769e-01 7.838986678641390524e-03
3.029624893904345750e-01 7.666180624921171971e-03
3.020639689591239629e-01 7.292829099101537545e-03
3.021548475301295555e-01 7.161351294169587822e-03
3.033443857761428664e-01 7.094400289312820934e-03
2.994355099022348865e-01 6.741711855403414826e-03
2.989831882184269540e-01 6.567620219941864776e-03
3.015393493825297977e-01 6.543733995618674672e-03
3.024710100895571796e-01 6.637141241438996447e-03
3.000170385954286645e-01 6.410629509292290786e-03
2.996656274292338606e-01 6.458587958380005573e-03
2.939711926051126190e-01 6.192983446685490674e-03
2.888037772019163008e-01 6.034085698138984787e-03
2.469119306745770070e-01 5.079142487159649458e-03
2.979834972694084816e-01 5.293187456193027343e-03
