1.518357129970870911e-01 6.426073938608209413e-03
1.454501263614604856e-01 6.660938195261123171e-03
1.806298218927977206e-01 8.270832970040081777e-03
2.034353094779182136e-01 9.410181928335533547e-03
2.183032162760911998e-01 1.003369562835058210e-02
2.294942801158794121e-01 1.022281993373297566e-02
2.395191450720730586e-01 1.034399816910461407e-02
2.451694760542122709e-01 1.045091798453965520e-02
2.514422894336573178e-01 1.074038335790862206e-02
2.551992967154382841e-01 1.112053268676082424e-02
2.630984512272538378e-01 1.169027101290609494e-02
2.625570673098134855e-01 1.201876449111366658e-02
2.667868307707030318e-01 1.253793365682934202e-02
2.705910599923009308e-01 1.296980760141492640e-02
2.747710621667040498e-01 1.332521211380552698e-02
2.803900071255152615e-01 1.394935456121508370e-02
2.820064383293332533e-01 1.475404267993841480e-02
2.753545347662444409e-01 1.463451849798287283e-02
2.804695192408750426e-01 1.545934423027611575e-02
2.842055344238829662e-01 1.625335120107854539e-02
2.846119737056530541e-01 1.656178699787746317e-02
2.829399563502830728e-01 1.693533740141803245e-02
2.839907916179572611e-01 1.764511888007055940e-02
2.772403266379354081e-01 1.790349350603373177e-02
2.718074033527864142e-01 1.893763292402418641e-02
2.374925624316276407e-01 1.701018599708008228e-02
3.116669273746410229e-01 2.150959616723258430e-02
