1.819900752900966978e-01 6.203693186169517877e-03
1.982594764233028273e-01 7.718343152067220700e-03
2.311021036585848010e-01 8.999859117417218987e-03
2.491482719509797716e-01 9.803674009951433843e-03
2.602274191934162428e-01 1.007346552258210452e-02
2.668526093630821938e-01 9.856237994109919714e-03
2.723082681155466478e-01 9.546411673794819724e-03
2.752444108289911484e-01 9.126710624020574480e-03
2.779773875391173266e-01 8.919935650663624038e-03
2.782833606037348195e-01 8.701527035235112270e-03
2.827637868967244894e-01 8.699922343351143214e-03
2.820223974617814267e-01 8.634155931618783114e-03
2.876289903434353645e-01 8.464201086325081821e-03
2.886559037376908443e-01 8.392510641897922563e-03
2.870366526598923662e-01 8.097738785677129417e-03
2.882281701359590276e-01 8.089788701586669503e-03
2.897613966520553030e-01 8.111982504012677300e-03
2.853623713418413921e-01 7.868861406481042833e-03
2.863169296205680392e-01 7.764195718817142738e-03
2.901222456562094210e-01 7.876592723360595349e-03
2.907182504660473232e-01 8.075653635374331618e-03
2.881497572601568469e-01 7.994348187263513802e-03
2.881901328290090714e-01 8.172867399459040824e-03
2.829368393521110581e-01 8.019121199580724058e-03
2.789899267029821717e-01 8.042252014155494219e-03
2.376177408946797132e-01 6.776512696393086586e-03
2.866264182004292782e-01 7.298703759682468976e-03
