1.565538151400036049e-01 5.809050040502490748e-03
1.657076225384907509e-01 6.949478415987455672e-03
1.990406092750820755e-01 8.331993412921383929e-03
2.190014454907155406e-01 9.280933156560259439e-03
2.325557774411184386e-01 9.686581624979814092e-03
2.417925336662870572e-01 9.694009987625529928e-03
2.492654455492121779e-01 9.615099488232062633e-03
2.543970656579250256e-01 9.371564868757223041e-03
2.577173079051003901e-01 9.192534535913326338e-03
2.590210648153912221e-01 9.082633858277767980e-03
2.652665239017259480e-01 9.162687041742844513e-03
2.643532658352255593e-01 9.202006841765782499e-03
2.704162996861602664e-01 9.331837424149431667e-03
2.723685402540120259e-01 9.432236261608167513e-03
2.699777921628616628e-01 9.285052661908340874e-03
2.719059077904277810e-01 9.453126432195242332e-03
2.739823119144910168e-01 9.724816412762259110e-03
2.686978828817014331e-01 9.514153267475861792e-03
2.705606362346942295e-01 9.616903455463354095e-03
2.745050523983904589e-01 9.809819514776800184e-03
2.745715857500181656e-01 9.828700247411571375e-03
2.705846187009746107e-01 9.674915120455077414e-03
2.709130434536879406e-01 9.741983497886477772e-03
2.650601209043035311e-01 9.361091166779200029e-03
2.607876744731847385e-01 9.240432515400054045e-03
2.220452758464398768e-01 7.594514331637259447e-03
2.678202653984628756e-01 7.747486107073997715e-03
