4.344367225477617223e-01 7.054261941395162383e-01
1.244885368737640219e+00 7.711454510069145618e-01
1.397291663669810946e+00 8.870372277755899093e-01
1.454138013097555415e+00 8.982718488564565007e-01
1.488551080043480024e+00 9.277311609715361840e-01
1.527419134651700761e+00 9.317260243930429731e-01
1.520445266820066310e+00 9.345303748226378993e-01
1.501466351287382928e+00 9.316973408370105014e-01
1.502476089099930912e+00 9.279589310932042645e-01
1.557633669472168858e+00 9.214324257704873400e-01
1.587001061336565266e+00 9.271550049082645240e-01
1.590564119549795707e+00 9.272494986486439217e-01
1.599813379163562699e+00 9.303099292225515127e-01
1.649405537962974844e+00 9.257908321127982232e-01
1.725472934423880389e+00 9.326391793274800834e-01
1.799794961923708581e+00 9.448955666632148365e-01
1.843697960105046718e+00 9.556544435145335470e-01
1.820157229565146251e+00 9.536913570586605937e-01
1.836549091685454549e+00 9.606323034354800061e-01
1.855142702856223291e+00 9.663990887081527204e-01
1.839664471093907405e+00 9.749088639555578695e-01
1.840878017190325622e+00 9.821316522847692854e-01
1.852882673859065799e+00 9.946752493387176486e-01
1.884107726481435874e+00 1.011789792188018788e+00
1.920831917453289295e+00 1.030177720780086625e+00
1.916596673838100173e+00 1.038622045554117967e+00
1.905224152966891404e+00 1.040517480220907176e+00
1.852732511547214855e+00 1.047824628238848588e+00
1.816868799908218035e+00 1.049539028675070762e+00
1.508766691034740148e+00 9.033229001878061437e-01
1.083567825807149276e+00 1.066090433237806501e+00
