2.503612121619195330e-01 3.102129862355819667e-01
6.210748650719388753e-01 3.451429467554729125e-01
6.946267472546235888e-01 3.887996719718118666e-01
7.195055217562906780e-01 3.886792181509358679e-01
7.345240495941086634e-01 3.972172998985482595e-01
7.526314914227898445e-01 3.949503996415674179e-01
7.491216049595134097e-01 3.926786355098662584e-01
7.392945201323188886e-01 3.884404078136241001e-01
7.395937810675541346e-01 3.832190503352547184e-01
7.543529867356617569e-01 3.768422223310369246e-01
7.650672917141718710e-01 3.758786351689818450e-01
7.670231230218943486e-01 3.728049333812339383e-01
7.707463114941198734e-01 3.720003748130218391e-01
7.818465835707646416e-01 3.668223549863821042e-01
8.117586106475500607e-01 3.660319456204335631e-01
8.374196686298588377e-01 3.688913738948522703e-01
8.535733787527349792e-01 3.711550430463396721e-01
8.415025091242379629e-01 3.682065439607290491e-01
8.543649926394563110e-01 3.693784069409018489e-01
8.582495557714326928e-01 3.695161602680941404e-01
8.548106808374900112e-01 3.704850660717764477e-01
8.558782650243766943e-01 3.710067068539271151e-01
8.641428209531315519e-01 3.736510556350558510e-01
8.771438807863820575e-01 3.778551947350050066e-01
8.982417121721814057e-01 3.836745905040428450e-01
8.984889244141334164e-01 3.859979551552588095e-01
8.972541068952601950e-01 3.864483184425682727e-01
8.836779981259875738e-01 3.878090732473261637e-01
8.764492426448756701e-01 3.873829226736206222e-01
7.396445591658992180e-01 3.330009881468122823e-01
5.990046751081065102e-01 3.944152135986616070e-01
