2.713493528982490854e+00 6.438267764233113200e-02
2.675672851086798421e+00 8.005001015763167638e-02
2.030971506062074106e+00 1.040498753515642638e-01
1.847979344403268165e+00 1.109673605192442597e-01
1.610899182834246490e+00 1.141481177283234089e-01
1.483651850435577346e+00 1.204042719651880894e-01
1.349088305908842766e+00 1.257309020051983195e-01
1.269080539130903462e+00 1.239159661966472287e-01
1.181640617039171781e+00 1.264824371266413394e-01
1.133177495014161984e+00 1.291513929013714257e-01
1.019713360295214644e+00 1.294099066295277267e-01
9.585928466899634737e-01 1.301596340746778990e-01
9.094148753881906577e-01 1.309221423315672650e-01
9.133978165171620089e-01 1.278651318816579341e-01
8.621071929982874193e-01 1.289181852285319063e-01
8.345322191533954825e-01 1.346316837547226197e-01
8.056147326452045565e-01 1.367509251946101290e-01
8.026145311640148217e-01 1.381911444745355100e-01
7.614659107317551801e-01 1.399555461689269698e-01
7.374973776294089234e-01 1.430656796604066749e-01
7.075533288818701694e-01 1.510655011896339384e-01
7.330295127244210729e-01 1.508460488023388446e-01
7.300132478528768010e-01 1.544826734193921192e-01
7.290949878888822733e-01 1.593989625416781797e-01
6.809619030424940433e-01 1.690786558488689140e-01
6.816909746815843496e-01 1.687100039414669850e-01
7.479088888077060071e-01 1.696981737004895352e-01
7.668237224758266413e-01 1.692440769547534918e-01
8.107894344547114107e-01 1.697229983208742576e-01
1.577880408480953456e+00 1.368000366834056514e-01
8.086054597461223015e-01 1.405046390098275977e-01
