2.638036796044261889e-01 3.102954684159357490e-01
7.797886268870330984e-01 3.212626682024698477e-01
8.951126459789797707e-01 3.902865887912423393e-01
9.415301401687095062e-01 4.096772022772174893e-01
9.714110305433794057e-01 4.381045184305089601e-01
9.951693844676963163e-01 4.527651885309140201e-01
9.951055403357681461e-01 4.654309043171682703e-01
9.930427337087336381e-01 4.765212407870949574e-01
1.009138402111607435e+00 4.884427803486225406e-01
1.085739447448115014e+00 4.994638043166640951e-01
1.134105060991862590e+00 5.171157377169158798e-01
1.122044989791981084e+00 5.303892882588298052e-01
1.132632136321601646e+00 5.408373862317916725e-01
1.203876381233771387e+00 5.502475646939360976e-01
1.288487717453001391e+00 5.711832450272319450e-01
1.368419904715225455e+00 5.956902927574604378e-01
1.425333430215147468e+00 6.154915045978537336e-01
1.404056956347647267e+00 6.283433205201977012e-01
1.378983323772181135e+00 6.438755443579181614e-01
1.424947599115417907e+00 6.588616923925968427e-01
1.403756792999593772e+00 6.763301697077657160e-01
1.384920293680436343e+00 6.959461355485044853e-01
1.370973787057178095e+00 7.181280845213176001e-01
1.421126462474497920e+00 7.435552610510336446e-01
1.457952601941027160e+00 7.675536136204601512e-01
1.459772588379753655e+00 7.819290858299527969e-01
1.449316883052226501e+00 7.839674150794857521e-01
1.388495755748503369e+00 8.021938052720773982e-01
1.322906528968050388e+00 8.124307202217860846e-01
1.030795557223896264e+00 7.012281490600243972e-01
5.451728655832963621e-01 8.331465559266132415e-01
