5.173929756563440314e+05 5.174776818723977194e+05
2.249393961767834116e+04 2.249950213242024984e+04
3.124950410952547827e+03 3.127725070891448922e+03
2.569895117706440146e+02 2.591981244278293275e+02
1.531963425422754277e+01 1.725164529276689862e+01
6.391269048911428774e-01 1.105353283742845028e+00
1.443647553634858305e+00 1.693933881488009219e-01
1.286079475663192806e+00 1.678670826446596598e-01
1.114374734792886956e+00 1.794405861841134042e-01
9.818731291108011572e-01 1.917804883920336823e-01
8.511088413654410711e-01 2.047967284811559596e-01
7.610815012662169865e-01 2.160312463988869336e-01
6.635953257504463298e-01 2.267237016420030060e-01
6.447740652461354527e-01 2.386058331049377979e-01
6.013325176520771809e-01 2.529326021569308081e-01
5.318193613753187110e-01 2.644459025140606379e-01
5.363220467970111205e-01 2.760300353675957385e-01
3.662819473593988406e-01 2.944448183358381876e-01
3.054564915734855890e-01 3.106176477629068455e-01
2.958123195562188945e-01 3.244113035356320784e-01
1.001181174293494097e-01 3.502142963091950389e-01
1.039112184511458287e-01 3.607487322205283897e-01
5.237773979549466274e-02 3.812381993021569659e-01
6.491255012712342232e-02 3.903521862607101101e-01
5.869820731289454585e-02 3.906773919891590729e-01
7.490851298307623640e-01 3.445434041755013332e-01
2.707608571565083277e-01 3.603740465244901214e-01
