4.583970591924567707e+05 4.584821057962821797e+05
6.521507240240748615e+03 6.526146573305215497e+03
2.219308567016404140e+03 2.222247924840842643e+03
2.572627110994187660e+02 2.595407829187186621e+02
1.534801406088638664e+01 1.726069185422794661e+01
6.303835739488571344e-01 1.070740210917399571e+00
1.313707760079183773e+00 2.850645438174564950e-01
1.154051138302073065e+00 2.750937198352376711e-01
1.000628667689983375e+00 2.717292672310891444e-01
8.260339047858828998e-01 2.734466611503751921e-01
7.186649475336067683e-01 2.762923862926223717e-01
6.615568473668513860e-01 2.778988373591405603e-01
6.380286829435186657e-01 2.747082420002506242e-01
6.459414948271712253e-01 2.758974407756005220e-01
5.992154764485200236e-01 2.725233302216706899e-01
5.264784747639991158e-01 2.755743712236656262e-01
5.180180886003727947e-01 2.771936120111023194e-01
3.425294737315285332e-01 2.808253800725512006e-01
3.049704417376911114e-01 2.832280081004210914e-01
2.546368902576500726e-01 2.876863261501919067e-01
2.028607688467507497e-01 2.909027736476109682e-01
2.866912300988594953e-01 2.961466959010219946e-01
2.914919612167480856e-01 3.006173603890659463e-01
3.782721422793283717e-01 3.064863934570258852e-01
5.278690709448007334e-01 3.084958016758737043e-01
1.875063497242830612e+00 2.724463817470799687e-01
3.163728181096033820e-01 3.369979176384935160e-01
