1.069964592336683923e-01 3.287211743042265689e-03
1.177778993246225980e-01 4.001767403613912082e-03
1.448597508164740644e-01 5.298914204181214525e-03
1.666003251108846561e-01 6.403578481178241397e-03
1.836177147888922723e-01 7.674127841839889670e-03
1.948509072576264101e-01 8.848082124755043271e-03
2.024037991870210884e-01 1.003811452713080504e-02
2.113269770101662282e-01 1.129781748420867482e-02
2.169251352133722555e-01 1.248649586116333358e-02
2.160068393472802106e-01 1.351653710341679630e-02
2.180200993772661300e-01 1.458615041877418979e-02
2.262275880289054686e-01 1.591831622684243205e-02
2.325970737918409692e-01 1.702784969921828165e-02
2.457959395147868709e-01 1.882881271187383798e-02
2.540956463084864114e-01 2.018208335320426441e-02
2.551675600542621103e-01 2.151117485114803496e-02
2.589433664134894730e-01 2.310864244210451834e-02
2.605109146165949796e-01 2.466314672454465382e-02
2.619636893256813703e-01 2.637744944129739172e-02
2.219599946969702253e-01 2.507171306806728339e-02
2.503141229959013891e-01 3.031371164550122205e-02
