1.823502793567538674e+03 1.823979470868091312e+03
1.001387848631723614e+02 1.000553304171863260e+02
1.555766272656877192e+01 1.542234963077920185e+01
1.674120997510237796e+00 1.519638005732479646e+00
2.874067865934306076e-01 1.199774116238691429e-01
1.858182865513773319e-01 1.131659702212489682e-02
1.889431055790163072e-01 8.000371501694690177e-03
1.987932797140113950e-01 8.430921361608313680e-03
2.082502388010871730e-01 8.974097151074009529e-03
2.156328656869904714e-01 9.557867046362205146e-03
2.218213258551931244e-01 1.028122732981401680e-02
2.263016802200322475e-01 1.081671172370428542e-02
2.310697058220900213e-01 1.138441291521637144e-02
2.315255009629957894e-01 1.187618536002121514e-02
2.331015569894367701e-01 1.236173512575786289e-02
2.361145827704223266e-01 1.282744437498140738e-02
2.365524076818101007e-01 1.324926763372199882e-02
2.460277726227966810e-01 1.415389313213341257e-02
2.499753010415510512e-01 1.483010441265618026e-02
2.501259411289206147e-01 1.581237504709319397e-02
2.578770575653643315e-01 1.683585454213680499e-02
2.562345149325238602e-01 1.760722521474649901e-02
2.618254461826943214e-01 1.859840249569939472e-02
2.615059063581436916e-01 1.936716487461383543e-02
2.597992770468789403e-01 2.011154948421054953e-02
2.208903949858394278e-01 1.774506703437432262e-02
2.506654962900273231e-01 1.953019472165011192e-02
