3.593661360250976031e+03 3.594773018747655897e+03
1.338216725018428690e+02 1.337104027523273828e+02
1.834031389598709794e+01 1.816617284086721540e+01
1.953748077515779835e+00 1.760929497156771717e+00
3.406839727401373974e-01 1.363906018595259229e-01
2.227524470755499197e-01 1.291984455730719669e-02
2.224291679596958338e-01 8.474757762629894428e-03
2.292381534455764092e-01 8.616499445438878177e-03
2.346092385794141533e-01 8.788600961474145670e-03
2.395827025466727433e-01 8.998021007259746767e-03
2.431298038395248440e-01 9.252315253802092729e-03
2.453644713141922840e-01 9.546754105649495406e-03
2.470980485142705851e-01 9.715548117079645524e-03
2.472198535470861713e-01 1.003087514587114489e-02
2.488557343461755555e-01 1.021942213695772698e-02
2.511224463037831089e-01 1.056815241552238119e-02
2.502532464173086724e-01 1.083290174005842148e-02
2.550711655275429424e-01 1.142728247861699020e-02
2.572547562848689351e-01 1.197756598796241058e-02
2.595829944993195970e-01 1.259635607180735299e-02
2.633985672344673623e-01 1.321968674900690643e-02
2.604132384206462869e-01 1.374909344039148933e-02
2.622407787771717791e-01 1.447421593427287122e-02
2.596588136618046549e-01 1.494149008839473596e-02
2.553920224202655409e-01 1.536612290670971888e-02
2.212753143479325446e-01 1.365742761888813668e-02
2.568947821606490933e-01 1.654103908032393544e-02
