5.556321811000473190e+02 5.556880472204339867e+02
9.727260652791917650e+00 9.596392203399560117e+00
2.119193741310005930e+00 1.955569808638012219e+00
7.957920497142486616e-01 6.166694603877006520e-01
2.513505357441447874e-01 6.057098617314020383e-02
2.034828075947524573e-01 9.551838843595445230e-03
2.108611800318110352e-01 9.571248184307263110e-03
2.196036362442444767e-01 1.003949835465120684e-02
2.294848779116946680e-01 1.060317892840230598e-02
2.380645282465946866e-01 1.136786291316607689e-02
2.425930808761542490e-01 1.205197135147303630e-02
2.461859528392120744e-01 1.271236467184554478e-02
2.498387567967988443e-01 1.337270604232534792e-02
2.498305139060854330e-01 1.402644488912561417e-02
2.506737960845781821e-01 1.469619778781701934e-02
2.531576347024852569e-01 1.547713887763901668e-02
2.567900472963899339e-01 1.613316005165105552e-02
2.675732503476895285e-01 1.726976861715543571e-02
2.733329044686760856e-01 1.844603680372502996e-02
2.740246882921134053e-01 1.962082084987666966e-02
2.787979643069647961e-01 2.086451916004155444e-02
2.757245844142512392e-01 2.210909718178612898e-02
2.808173067848386828e-01 2.342489303221273120e-02
2.785840434884576666e-01 2.432122941388542917e-02
2.816731709701734143e-01 2.620417883926032601e-02
2.437598075481743065e-01 2.341596274133858624e-02
2.890230356874376461e-01 2.924132779634247906e-02
