2.059163647308901545e+03 2.059713058239247403e+03
6.746514153132814329e+01 6.730517282629708120e+01
1.253554253624056791e+01 1.233119063195695020e+01
1.540390084077192689e+00 1.320831903586279887e+00
3.276639174142176869e-01 9.902102348132277299e-02
2.424853872318351866e-01 1.095737083689741174e-02
2.433258465337411747e-01 8.556490797223153741e-03
2.487665331793377232e-01 8.536585267665170590e-03
2.530666341648698525e-01 8.498950494164412423e-03
2.578389216913398174e-01 8.584397238244405662e-03
2.607096347583305884e-01 8.709986800500047616e-03
2.624062614044424535e-01 8.867135772333062035e-03
2.632016724160236021e-01 8.865143112872887060e-03
2.629199109298234194e-01 9.000966038458773494e-03
2.640584560162673178e-01 9.035711741634399816e-03
2.659140092605720151e-01 9.233932158336495208e-03
2.658419243773001983e-01 9.361096399117901229e-03
2.704251054800596576e-01 9.675630210485938743e-03
2.715098437248374408e-01 1.000739762348322286e-02
2.729291641501296883e-01 1.038294298336077046e-02
2.744348215794735757e-01 1.068920898966837542e-02
2.721098449623583493e-01 1.105826209700881690e-02
2.725113718949545016e-01 1.144419787570156131e-02
2.701362603603761903e-01 1.172663555416122647e-02
2.658182757135738039e-01 1.196098598990434636e-02
2.302576768283697284e-01 1.062659257271967791e-02
2.725289546799267715e-01 1.307326438105972828e-02
