5.320851728191418033e+02 5.320746363845182714e+02
8.630063365984986490e+01 8.654048974447835008e+01
3.386850197791790418e+00 3.628516195418606927e+00
4.081397267613231516e-01 1.581841179783697315e-01
2.713016861327137152e-01 1.730994668587747948e-02
2.617886099251612864e-01 9.021237209146623290e-03
2.664076883561193876e-01 8.877051692762052970e-03
2.701614778842914566e-01 8.716693653509839310e-03
2.726971187728549073e-01 8.518433291150857498e-03
2.767599360762407201e-01 8.503729934244672745e-03
2.784648852250666273e-01 8.517900252554343882e-03
2.796408182954030486e-01 8.584235819457915542e-03
2.795109576120938244e-01 8.467607311917190252e-03
2.786621580380221341e-01 8.474689915569258089e-03
2.790758805545697774e-01 8.400597878985918004e-03
2.810098859066625376e-01 8.510172132344704515e-03
2.809974346906806142e-01 8.536491551118151333e-03
2.849835370401370138e-01 8.715314678726375497e-03
2.857437708586814673e-01 8.906561825241552516e-03
2.871306770829018529e-01 9.174704687708382100e-03
2.872145558608339977e-01 9.328851700738259936e-03
2.856534232197461831e-01 9.571066533536863596e-03
2.858816569204459812e-01 9.829604990715196111e-03
2.833164374195974444e-01 9.982824061312513611e-03
2.788042023500078015e-01 1.011585773231856236e-02
2.416905598355215679e-01 8.991361530198837757e-03
2.905323643961708613e-01 1.125163771048162675e-02
