9.082483361174373965e-03 2.613828497009934842e-03
1.868542282052856711e-03 9.223147356359394583e-04
2.748823071850395490e-03 1.308601124421507767e-03
2.933780235402843467e-03 1.391632096233974417e-03
2.499028056757807148e-03 1.428196149993999709e-03
2.590381478205481397e-03 1.415103038535562132e-03
3.305614974357702282e-03 1.375471222255585319e-03
3.873694741774332505e-03 1.396175445974224931e-03
4.789256667849989269e-03 1.403911409013570283e-03
4.788547032148848456e-03 1.449181431348348223e-03
4.417865427352470238e-03 1.528040046826932563e-03
5.024687545181131046e-03 1.564307172718790682e-03
5.139391807640888293e-03 1.533630724340339681e-03
5.315010874776566509e-03 1.470367515557498153e-03
5.004934506828154044e-03 1.430134059553079488e-03
5.221557502865887754e-03 1.512764775848069159e-03
4.985420249594944495e-03 1.457683123284485901e-03
4.869568105635824207e-03 1.375850214758862246e-03
5.610402983883869786e-03 1.312386748569332193e-03
5.780536172346672705e-03 1.304794630450378931e-03
5.350844646956075951e-03 1.247796719391036993e-03
4.992743850209439317e-03 1.229970423415570769e-03
3.176994048566113629e-03 1.278339595879176378e-03
2.484688620390202839e-03 1.330538564023742891e-03
3.463999580469498581e-03 1.323493727098116980e-03
3.116759512778885088e-03 1.186121068010986867e-03
2.068656316130717404e-03 1.093795450838078295e-03
1.122665975422369733e-03 1.014822601078532727e-03
1.915852926953135350e-03 9.868635494405849761e-04
2.274828245631310870e-03 8.716042008757311950e-04
9.999473031636430063e-04 2.643737901234438376e-03
