1.332018841369722872e-01 2.764427421416972355e-03
3.643140461470794483e-02 1.091841172853141818e-03
5.653833430707488200e-02 1.485178953008808997e-03
6.214147579106042013e-02 1.497133034254967019e-03
6.919735970667009739e-02 1.563601107324760590e-03
7.355168208089452042e-02 1.643998786908651118e-03
7.691081508821177859e-02 1.827458691674912344e-03
8.013204400081860856e-02 1.940453941597932623e-03
8.297174741127050224e-02 2.065732947913066862e-03
8.538787157471590394e-02 2.110084943736093965e-03
8.826328963704219155e-02 2.338927416452942637e-03
9.006206083321077749e-02 2.485151306631736608e-03
9.118738523154369668e-02 2.363251648617960797e-03
9.194410902113750450e-02 2.275122573009860562e-03
9.465847615805664250e-02 2.180004834537478328e-03
9.592998314404381499e-02 2.381585279124044923e-03
9.740490165068237116e-02 2.497652326016864925e-03
9.721002808750918434e-02 2.585303941190476417e-03
9.837003756458996551e-02 2.642038822964806744e-03
9.905103331027051428e-02 3.001057977691845135e-03
9.990437828652377894e-02 3.047923535682079983e-03
1.003668051296973812e-01 2.869785049182038781e-03
1.002426109564158452e-01 2.906731089348590664e-03
9.929887433788213424e-02 2.973981832779530338e-03
1.005914136335385733e-01 3.008073800098000870e-03
1.009078326156145206e-01 2.888263230495276366e-03
9.976599527020693636e-02 2.952687240430248473e-03
1.007636387145244006e-01 3.022094653344851653e-03
1.012492888770293309e-01 2.927725589007119066e-03
8.480824321450568248e-02 2.281915945907448534e-03
5.826696393079391911e-02 4.394139883161738216e-03
