1.452331372485115846e-01 2.962763485557741352e-03
4.032718242806924980e-02 1.156117874321791958e-03
6.176797459524893674e-02 1.538069343553503552e-03
6.742516493014015511e-02 1.567041108770631528e-03
7.400821694974533960e-02 1.657934924137908789e-03
7.825929696415502568e-02 1.736551757032849625e-03
8.181359781149809274e-02 1.840353301793461183e-03
8.494158707844311207e-02 1.934894465138645853e-03
8.726659685504495334e-02 2.007306392309583191e-03
8.974782675951900601e-02 2.050071214208231112e-03
9.242932305664076920e-02 2.204799949005977443e-03
9.437622579810424350e-02 2.256249480489893201e-03
9.489786147393211579e-02 2.213414037704238523e-03
9.533596802257067460e-02 2.219898646708331515e-03
9.674661460102457200e-02 2.160539574683200716e-03
9.799890077741099659e-02 2.192600083197015961e-03
1.002329668810341412e-01 2.260896411598617255e-03
9.981076155212263712e-02 2.302003916088197870e-03
1.010673063302693214e-01 2.362127576879096465e-03
1.013446731175787069e-01 2.589938129629018853e-03
1.011321954243835225e-01 2.617076475259939774e-03
1.013852167096424561e-01 2.519429544577887238e-03
1.010758207240540496e-01 2.483402939642889110e-03
1.006609790814037286e-01 2.498761892514730475e-03
1.012975014849426120e-01 2.468653004783823417e-03
1.012007583637657554e-01 2.488996153058828896e-03
1.007017732976146634e-01 2.325575768682706327e-03
1.007290401195518603e-01 2.347824762607662007e-03
1.005341905718371981e-01 2.203761029306927372e-03
8.464967287113332739e-02 1.845173031016551172e-03
5.515027028433569511e-02 3.593504164171619844e-03
