9.368723775138847465e-01 1.896754855290908731e-02
2.474364824871926882e-01 7.589870196300026010e-03
3.908971211431102044e-01 1.037152925989111643e-02
4.329693281725935927e-01 1.113227467504261138e-02
4.817099799552554962e-01 1.167511227593235994e-02
5.162100565643478189e-01 1.244039783068797908e-02
5.452375978803437606e-01 1.388427584742628687e-02
5.717905969797570931e-01 1.516570710963719912e-02
5.951629372268409934e-01 1.569460395655796620e-02
6.188883258116624209e-01 1.639140200850936271e-02
6.431493084472931221e-01 1.718496218325207478e-02
6.627609063022202873e-01 1.827205472499782851e-02
6.699136028482702843e-01 1.826813294593937140e-02
6.756096355928631336e-01 1.873844003403676850e-02
6.888529126125082502e-01 1.823183342078655775e-02
6.996867826820311054e-01 1.917217727900895688e-02
7.210031500520568404e-01 2.039577798749695609e-02
7.180549469230608217e-01 2.117641625664393179e-02
7.271192899665652742e-01 2.215252256256693836e-02
7.312604327078793265e-01 2.474457354752764709e-02
7.348174808682744752e-01 2.538063118417381234e-02
7.397134350698097993e-01 2.434794231493363562e-02
7.405158957724710111e-01 2.467837202889537965e-02
7.332884341765051328e-01 2.555338231275577215e-02
7.386042999329768266e-01 2.600582455330712264e-02
7.387724154288455303e-01 2.592166246238462868e-02
7.375825504798362298e-01 2.555264326899629387e-02
7.474318043800658451e-01 2.601454709970326545e-02
7.485821757179997871e-01 2.486338185738131909e-02
6.267834598054786710e-01 2.032871127986984189e-02
4.241859926266631220e-01 3.621492137472236833e-02
