1.718704993282264837e-01 3.745249303450663442e-03
5.116558432305001736e-02 1.459073239075918535e-03
7.511545016074377967e-02 1.900139739351880842e-03
8.039482693064625707e-02 1.807102619169734681e-03
8.725722354363464606e-02 1.958863154399019969e-03
9.093935900019360641e-02 2.022611134364275028e-03
9.363708361516900891e-02 2.058794255853456552e-03
9.603350880927359612e-02 2.051842770781536589e-03
9.751340852896439593e-02 2.161634375329131875e-03
9.910770325468078179e-02 2.131660506971814854e-03
1.011292155797321457e-01 2.340381364160008457e-03
1.022235788154552960e-01 2.311879035070416380e-03
1.026402382720749823e-01 2.164802096898844810e-03
1.028691767971849774e-01 2.037230676796235925e-03
1.045572951083121316e-01 1.980590467672911636e-03
1.054409493612843002e-01 2.008989424132566828e-03
1.069098662696131991e-01 2.002031021587851334e-03
1.066702810704436705e-01 1.970646870878234487e-03
1.077216665728918110e-01 1.941760100433391478e-03
1.075408642404465237e-01 2.086634981299904153e-03
1.071697492156634957e-01 2.070940565154422239e-03
1.073493564076619250e-01 1.985624048452859849e-03
1.068356765077368709e-01 1.949523809946269873e-03
1.065199702424668160e-01 1.933756753707761584e-03
1.074413416238171465e-01 1.962787808436466334e-03
1.074163263323825029e-01 1.948058877553149630e-03
1.066369078868384529e-01 1.829421566672171772e-03
1.064813923418930774e-01 1.775918769305849304e-03
1.061846322834624490e-01 1.651896034126030264e-03
8.924985525933845643e-02 1.328537683243964521e-03
5.686644666224369843e-02 2.542277801631780392e-03
