9.355002819668705172e-01 2.167123292645313504e-02
2.411296503157459858e-01 7.268003088145291724e-03
3.825179732493796947e-01 1.009534317391528983e-02
4.230054005906683234e-01 1.070723191488458237e-02
4.703703557755030684e-01 1.154541234996396201e-02
5.035057713273529689e-01 1.243455855992312876e-02
5.316110878354125546e-01 1.393182968491261768e-02
5.575620548777495689e-01 1.479793331932053105e-02
5.796543205050541658e-01 1.539859973606198112e-02
6.022363986513383782e-01 1.591300840808239012e-02
6.254272817901880277e-01 1.682554439314185718e-02
6.435503818592116509e-01 1.809743790826290680e-02
6.505832083667949517e-01 1.774696866837513487e-02
6.558955684145632015e-01 1.807916866492240843e-02
6.682858435319611878e-01 1.740611569958088259e-02
6.786021388966558820e-01 1.833499429691012525e-02
6.984190948806249244e-01 1.958772594799194217e-02
6.950685212112782674e-01 2.009302995602221115e-02
7.019208470295529301e-01 2.088478013625564081e-02
7.048349573456732520e-01 2.285292388756744730e-02
7.077369804933349995e-01 2.335349217302203420e-02
7.118453601078221782e-01 2.291555685100867684e-02
7.102810636680805256e-01 2.391427351794960313e-02
7.024849944432763893e-01 2.436582064028118555e-02
7.064935719410597725e-01 2.509203820075913902e-02
7.060964060759995498e-01 2.510318770038127631e-02
7.031354978889141627e-01 2.474165085493544233e-02
7.125225202020875059e-01 2.479927089555630099e-02
7.135423702232326360e-01 2.405261069043879499e-02
5.976816875834520815e-01 1.943684276919237577e-02
4.080130683704259464e-01 3.639573692382842146e-02
