9.404007914928139700e-01 1.947853477247606796e-02
2.426693511562331707e-01 7.502701403411813144e-03
3.853997316898258307e-01 1.024500053765332180e-02
4.266784644145082406e-01 1.103084552164755594e-02
4.749960564085419223e-01 1.158876537380525325e-02
5.090374831327432181e-01 1.236692152983774433e-02
5.380648101842018249e-01 1.392246927267044680e-02
5.649747240454463526e-01 1.520925421395890806e-02
5.880308826957568735e-01 1.571049781553801594e-02
6.116363778947780938e-01 1.643733616306008657e-02
6.359139884701833223e-01 1.717787043216670306e-02
6.550875692126382210e-01 1.822744618513231010e-02
6.630021020643585006e-01 1.806947648144325083e-02
6.691785343541862829e-01 1.855832909333698585e-02
6.825976921519646412e-01 1.810644497310905793e-02
6.939257886821585952e-01 1.916926677186586714e-02
7.150051293626650262e-01 2.035431214875796022e-02
7.123868964405952742e-01 2.092256463753298240e-02
7.202308050786844218e-01 2.175674004676832890e-02
7.240461295637415917e-01 2.437401608889606941e-02
7.278567922027497916e-01 2.500880124615077402e-02
7.329172749853580804e-01 2.415442707308857601e-02
7.321410965329044895e-01 2.438853623266246801e-02
7.249312978068931379e-01 2.520608264868069021e-02
7.298998298635317461e-01 2.570877727482851968e-02
7.303218564292901505e-01 2.557770179547370903e-02
7.280891684940945519e-01 2.498685165731348926e-02
7.386511716684104334e-01 2.543697432936052952e-02
7.405524306660496991e-01 2.442522569534984547e-02
6.210137900063810168e-01 2.003816961763661697e-02
4.244246676254601058e-01 3.644925362630056787e-02
