1.202776405781528446e+00 2.831929969731723784e-02
3.356721569885148249e-01 9.140577309603811762e-03
5.060673489162620386e-01 1.233338998440808125e-02
5.460782380173839767e-01 1.204214964927902663e-02
5.960312947289325702e-01 1.338394580855015517e-02
6.252919729660784132e-01 1.416343532836361607e-02
6.483689446697485925e-01 1.471928406452206566e-02
6.692735791337768303e-01 1.466700591140544796e-02
6.834833225077655561e-01 1.561096328282456612e-02
6.985967249474147600e-01 1.563823003789226174e-02
7.161122232399562693e-01 1.695092144004945595e-02
7.273297722677638522e-01 1.722597932488144704e-02
7.307477896752817559e-01 1.623161484720353834e-02
7.331825931742698144e-01 1.569569872309927588e-02
7.447934967405379636e-01 1.507131690987146416e-02
7.520153356075733875e-01 1.531919220489834019e-02
7.650789269740759790e-01 1.564263797131174374e-02
7.627305261948882364e-01 1.546869708481713422e-02
7.698406527544487954e-01 1.516168217725427127e-02
7.692799595838141213e-01 1.641182852013742949e-02
7.666706842280758272e-01 1.650866892358723859e-02
7.680942994948065650e-01 1.599272076257888045e-02
7.634450440662603476e-01 1.583922721891878674e-02
7.598618574757312061e-01 1.558465673336462132e-02
7.650258737596272729e-01 1.571451038508086748e-02
7.644642774005745434e-01 1.574177665864367331e-02
7.584260801041236011e-01 1.468527124170653994e-02
7.579646939651467630e-01 1.432979915411608865e-02
7.565758039867589435e-01 1.353642891067212070e-02
6.371573944263489997e-01 1.089994823318596665e-02
4.146641951665509529e-01 2.222563447117400365e-02
