1.203379948672870237e+00 2.841463651539082383e-02
3.359738713872245652e-01 9.170758191950732427e-03
5.067232320424309711e-01 1.239897352585007419e-02
5.470029666374871535e-01 1.217328433179770686e-02
5.972775469939586301e-01 1.353482870169585989e-02
6.268480703465156845e-01 1.438457201583768705e-02
6.502404141722233355e-01 1.494793130638975322e-02
6.714717534888564598e-01 1.500935453473210314e-02
6.860002960650304349e-01 1.603117711130259623e-02
7.014476108659026821e-01 1.611390376525681858e-02
7.193199336982182279e-01 1.735965593333795715e-02
7.308776607457244667e-01 1.766855038043081000e-02
7.346037600186060557e-01 1.675721108516625701e-02
7.373439072411440698e-01 1.622552928485310533e-02
7.493179565010380516e-01 1.568577359763329016e-02
7.568839136618168428e-01 1.598836309643505982e-02
7.703376633829771558e-01 1.639045988117640226e-02
7.682778880144593980e-01 1.628541660853402573e-02
7.757474568688500494e-01 1.605199218947857276e-02
7.754900896710683611e-01 1.744975319207111783e-02
7.731664568206620958e-01 1.766730250557262127e-02
7.749095316933768407e-01 1.692777542568209975e-02
7.705246821539778468e-01 1.659515578273009981e-02
7.672126121358348039e-01 1.640127457015191567e-02
7.727331184802157527e-01 1.658966111733336038e-02
7.724722952384599495e-01 1.663071955850502909e-02
7.666749769987406538e-01 1.553124138602576809e-02
7.665126394554950817e-01 1.527609189968075383e-02
7.654117163356649600e-01 1.443835128170403541e-02
6.448544470845170018e-01 1.196593232255993393e-02
4.198400088884148285e-01 2.240457690680036640e-02
