1.106744018078443137e+00 2.567359353949614370e-02
2.990836623648308601e-01 8.325508300407600398e-03
4.602481511896904243e-01 1.132694719226420670e-02
5.015025009194413741e-01 1.141130872729238625e-02
5.500722293546780328e-01 1.246403517680381122e-02
5.810386445817405932e-01 1.321906634016766988e-02
6.070478026168427688e-01 1.404362147273646895e-02
6.303976257897792035e-01 1.433449035499057347e-02
6.470900005158880530e-01 1.506519771506906885e-02
6.651293922119330126e-01 1.529613171670109878e-02
6.847402364058848834e-01 1.639980584248569573e-02
6.984889131657768813e-01 1.697414279072097937e-02
7.022752261445091015e-01 1.629179516424664534e-02
7.053848740184174293e-01 1.620709389922138366e-02
7.153922768499332285e-01 1.557686235447848164e-02
7.243053338546842079e-01 1.584790961865946424e-02
7.403638781114856293e-01 1.644817227817436250e-02
7.370318945497194019e-01 1.648690692305702921e-02
7.447601745219405434e-01 1.665313117679721039e-02
7.457302096789826251e-01 1.814137924985274181e-02
7.435209316205201313e-01 1.830544690277965264e-02
7.451693569410721141e-01 1.790468629574687789e-02
7.413525398305004233e-01 1.801634244271561186e-02
7.372119980453794019e-01 1.785522324924933291e-02
7.408622886675710895e-01 1.773103821480797454e-02
7.396559256687857964e-01 1.794949981806580330e-02
7.346067492508508989e-01 1.679924363828637704e-02
7.349863360612355345e-01 1.665004121617316701e-02
7.341087280322109443e-01 1.584054472235820951e-02
6.188803589967606378e-01 1.313625103581280568e-02
4.076654380784886511e-01 2.723221382316498573e-02
