1.314597423077451310e+00 4.269478215781706554e-02
3.793186396006035244e-01 1.532108335947320737e-02
5.591951537328025967e-01 1.996395494282511215e-02
5.969110349954369621e-01 2.011497654385331277e-02
6.471217592791894679e-01 2.188504519824818403e-02
6.733356417810031358e-01 2.350318876180198038e-02
6.923492925680758692e-01 2.355532419722664375e-02
7.099405642400711258e-01 2.420291957884402809e-02
7.199945473684902231e-01 2.566959427145244083e-02
7.310500849245815669e-01 2.557777285109442966e-02
7.452433786339845989e-01 2.607121636267670239e-02
7.520440657816458430e-01 2.606312297944919990e-02
7.541039368949502553e-01 2.687695203335942543e-02
7.549378316234994779e-01 2.722388063707857631e-02
7.665925376193217788e-01 2.809977598198955262e-02
7.720669123857941685e-01 2.804613872451030415e-02
7.811727830692360985e-01 2.918391094639919553e-02
7.785031530422011903e-01 2.989888203752948462e-02
7.844295397239641199e-01 3.125580998194903148e-02
7.818294236628412497e-01 3.169490416297886942e-02
7.777703928259817046e-01 3.318097076536345030e-02
7.778720419085995985e-01 3.418434668944504706e-02
7.721816956422198341e-01 3.440828696379416574e-02
7.682312454705333415e-01 3.414916066201947875e-02
7.733394855995805450e-01 3.439823339418265208e-02
7.721280308705386064e-01 3.430514812761898541e-02
7.642670221568440558e-01 3.462890377134699577e-02
7.625706632703022070e-01 3.534536397186844453e-02
7.606452485298165200e-01 3.612518079161178980e-02
6.403211023011540215e-01 3.155496967287365478e-02
4.138667048385221703e-01 2.777641219015948917e-02
