1.112194028934154533e+00 2.305602817892694542e-02
3.008152821401816057e-01 8.675965653544870024e-03
4.633115084621591273e-01 1.152454256047100514e-02
5.052751833235333834e-01 1.177635992603476983e-02
5.546875457943750698e-01 1.245541511925295046e-02
5.864183380877652230e-01 1.307002168115498249e-02
6.131959050384061527e-01 1.397073682242144441e-02
6.373305743457571282e-01 1.470512209518590706e-02
6.547698944373911978e-01 1.519779552976187852e-02
6.736029550759529139e-01 1.556380450535382355e-02
6.940608090188311596e-01 1.667433228768995176e-02
7.086063186166530192e-01 1.711079847276578483e-02
7.130609961328100432e-01 1.668724516303283015e-02
7.168351712146199262e-01 1.674871469897048354e-02
7.276310782372351627e-01 1.636109033038276109e-02
7.373310211580874629e-01 1.674165833772399414e-02
7.543273841014905834e-01 1.727115791496489083e-02
7.515792204028354240e-01 1.743142927933290232e-02
7.601140445356823205e-01 1.779402771015939008e-02
7.617594991255678405e-01 1.955135266170509104e-02
7.601567755077894839e-01 1.981215284955564412e-02
7.624981402320614166e-01 1.915931340746082970e-02
7.592458222527893597e-01 1.888419532835387826e-02
7.556555137941166622e-01 1.902538551801108424e-02
7.600510785125612623e-01 1.884203415880949042e-02
7.594669187478922945e-01 1.891141653706417125e-02
7.549320518150463011e-01 1.760105779555749123e-02
7.559725833754427082e-01 1.778961415115635700e-02
7.557201418218763012e-01 1.676244036803222620e-02
6.376482022829597085e-01 1.400650292092800626e-02
4.203897930142889150e-01 2.764011987017818764e-02
