1.015810964977515773e+00 2.387665403033037079e-02
2.708369977326198219e-01 7.896648998261158667e-03
4.222576691969532336e-01 1.086949650299821879e-02
4.635746222387043813e-01 1.098366090724454958e-02
5.164553295198022198e-01 1.196582615285914260e-02
5.487738903760173148e-01 1.282122365075469804e-02
5.740689884261654941e-01 1.410824308570271697e-02
5.988941448710445314e-01 1.475496311923610825e-02
6.201862418199394211e-01 1.620513383072904462e-02
6.385866324455322651e-01 1.654394605888444281e-02
6.604077784695605580e-01 1.801950461974458420e-02
6.736209849536755057e-01 1.926210824568241192e-02
6.822391049665174068e-01 1.820239478335554731e-02
6.879266094083136274e-01 1.737145996435568440e-02
7.086552862338842962e-01 1.662002795980753109e-02
7.185554928558343102e-01 1.808194901247079170e-02
7.284597431719345151e-01 1.907908989723939436e-02
7.268359203534447976e-01 1.957066956208371178e-02
7.342694158695839413e-01 1.972960471060706059e-02
7.389950047070912298e-01 2.240481576069973044e-02
7.450941616924797728e-01 2.289341879661984866e-02
7.475790429720887698e-01 2.137065536632015358e-02
7.450968142513699766e-01 2.171206560025909504e-02
7.374711741342260263e-01 2.204091090230324984e-02
7.462040708064566763e-01 2.227952564659528220e-02
7.491546393106384150e-01 2.134533835090730858e-02
7.392327703192803634e-01 2.153645938056438294e-02
7.471507333347271462e-01 2.210616818293796929e-02
7.512188864401787569e-01 2.159010116150817532e-02
6.302510182620616463e-01 1.710816184408162771e-02
4.386205905829820284e-01 3.327943784968908497e-02
