1.015001363778899268e+00 2.373742503220498817e-02
2.704463690188699809e-01 7.862447706457964883e-03
4.213763384066488427e-01 1.080476764433099465e-02
4.623082958517444885e-01 1.083827178005449671e-02
5.147119268375688339e-01 1.178874869549039091e-02
5.465681786596675584e-01 1.253517281511172012e-02
5.713923537587073387e-01 1.384307251914058262e-02
5.957167887692743635e-01 1.432046874615443624e-02
6.164975215109541606e-01 1.565757897747550517e-02
6.343785139643980386e-01 1.592908682547126975e-02
6.556321724948800389e-01 1.760596833682875201e-02
6.683179404966623771e-01 1.887687284653758596e-02
6.764310820030267069e-01 1.776667056653733964e-02
6.816296753718512624e-01 1.706863115359555025e-02
7.017151400727253963e-01 1.601891809174145476e-02
7.110588795003341955e-01 1.741047190511661735e-02
7.203942564928320635e-01 1.839070887965095144e-02
7.183242070044544292e-01 1.884732388203819858e-02
7.252020012777032898e-01 1.904646697864656804e-02
7.293978725507178629e-01 2.122750431009470806e-02
7.349428762586329711e-01 2.170777804235000247e-02
7.369176817771465604e-01 2.075741882406293565e-02
7.339965189985405702e-01 2.148819117858323177e-02
7.260153082159112037e-01 2.147308789878308796e-02
7.341381231208661262e-01 2.190964054221446536e-02
7.365649882058450393e-01 2.074821964673403268e-02
7.263404716692091201e-01 2.100562344852660926e-02
7.336462373512028234e-01 2.155227842939426430e-02
7.371644791510369998e-01 2.137438441048168658e-02
6.180603634919468181e-01 1.630676700881321384e-02
4.298587654047709705e-01 3.315045476257182794e-02
