1.307799377900746851e+00 3.174289149118261072e-02
3.777570075783908687e-01 1.042913001097980560e-02
5.574831424126405199e-01 1.389176631121409773e-02
5.957141876698041072e-01 1.315584534056552651e-02
6.465086414824868788e-01 1.482274195274013891e-02
6.734105718616237857e-01 1.558045691708485198e-02
6.931601300678654765e-01 1.583056776632265142e-02
7.115252367399368394e-01 1.545565569703325273e-02
7.223663713507227913e-01 1.669303974841542318e-02
7.342356030983151483e-01 1.645447630640551120e-02
7.492839486609551569e-01 1.791308287724732023e-02
7.569227996914231760e-01 1.790843971548831959e-02
7.598003718817757379e-01 1.653446283034748499e-02
7.614466466328904115e-01 1.549677249841480489e-02
7.740212280344401785e-01 1.489052307772503053e-02
7.803747709124480014e-01 1.508165486827900761e-02
7.904153733610517207e-01 1.523037106717196193e-02
7.885489289216552899e-01 1.494178579015735184e-02
7.953938073961438482e-01 1.440827547075500953e-02
7.935974648100365680e-01 1.541284318065751745e-02
7.903139780496247768e-01 1.538593135110951499e-02
7.912549028909505733e-01 1.481075121617483718e-02
7.862990473891995347e-01 1.456634018209782000e-02
7.831053825947084102e-01 1.416013744655580421e-02
7.891479320247107854e-01 1.451385835679309781e-02
7.887466941546306121e-01 1.445407715486211365e-02
7.815438475125684459e-01 1.349903216228815102e-02
7.806355357212350077e-01 1.296039681309672439e-02
7.794896905221218031e-01 1.219889611350749060e-02
6.568799843719883569e-01 9.695310405581292895e-03
4.250193460894553521e-01 1.975850946069665839e-02
