4.703698619277141280e-01 1.258209788247514199e-02
1.196042579769302783e-01 5.017008092907930365e-03
1.857064528052705943e-01 7.473577732282814592e-03
2.259234071304198899e-01 9.288785961542896444e-03
2.481516262741958467e-01 1.134253078601223617e-02
2.742387034459470851e-01 1.384784689601202719e-02
3.028567311661056749e-01 1.629643448103672287e-02
3.364879931673798730e-01 1.906452080397479446e-02
3.495391829642991999e-01 2.109052575870944135e-02
3.492506818617080455e-01 2.319790056288714361e-02
3.554510224643191996e-01 2.522407027740308783e-02
3.573767902210980840e-01 2.752837498827035920e-02
3.498287770430322241e-01 2.894835162294820755e-02
3.609071106286350639e-01 3.161291550585725030e-02
3.805764746335266735e-01 3.477188315523953993e-02
3.925058642975843837e-01 3.803183182991694972e-02
4.001031586282340902e-01 4.075561883744291403e-02
3.896960597502574508e-01 4.057150583571349223e-02
4.069367746442946188e-01 4.389369078474382457e-02
3.650737471099112508e-01 4.372654817652912862e-02
2.870309462547586676e-01 6.780514429749633087e-02
