5.380886118385670436e-01 1.448652647157788742e-02
1.441685292418351805e-01 5.681711242121008018e-03
2.175699623169018437e-01 8.156235920942236928e-03
2.589938602310071225e-01 9.696334106911936798e-03
2.831642684087538608e-01 1.130256699567999679e-02
3.071887864738203078e-01 1.332142086084142467e-02
3.392174154943105036e-01 1.567175961008316840e-02
3.759579693272357415e-01 1.825885123489313575e-02
3.861862826936766635e-01 2.001757351126645657e-02
3.815990474242878516e-01 2.176498360615784430e-02
3.921713087515659169e-01 2.341613828446281395e-02
3.957737469814225917e-01 2.519828477570331543e-02
3.977973035999366469e-01 2.669806361014204557e-02
4.054196924757822451e-01 2.847783214068555849e-02
4.138821417381658430e-01 3.045737045047508182e-02
4.284571376830532130e-01 3.286522293375140208e-02
4.210056224442972894e-01 3.423725519874569467e-02
4.084418171094580385e-01 3.454586688768287311e-02
4.394911605519158937e-01 3.844775191562555677e-02
4.022155664367883521e-01 3.805367900736370684e-02
3.191436217127782138e-01 5.929520535935597914e-02
