7.250469809857735815e-01 1.650547961255943025e-02
2.047498370296932657e-01 6.632837893639273626e-03
2.972616883498672147e-01 8.952949510837351563e-03
3.369852276362968468e-01 9.776044120345214056e-03
3.575464934643415860e-01 1.022527163470744217e-02
3.791256031796954029e-01 1.088090777630359995e-02
4.096084956332575744e-01 1.147681607339342755e-02
4.352839068243598564e-01 1.191200873617959469e-02
4.381174728414968245e-01 1.213273352976893850e-02
4.375921035340801790e-01 1.246738684719778459e-02
4.459059936133135116e-01 1.275657830107878969e-02
4.572432057288802199e-01 1.294784716082321777e-02
4.579457757622787950e-01 1.335751020247721334e-02
4.616647573598421372e-01 1.411398939047637038e-02
4.650219212298247196e-01 1.436875028972023176e-02
4.629838602816966353e-01 1.485520606701680804e-02
4.719007020180780998e-01 1.551308927805267711e-02
4.692599134116842152e-01 1.565418191916243679e-02
4.750979620954599025e-01 1.614048923021371706e-02
4.352574239707569514e-01 1.609533189751872345e-02
3.493311269052471468e-01 2.798534775880729894e-02
