8.675799849025908062e-01 2.473972947670888961e-02
2.572940926492682245e-01 9.610479384568090810e-03
3.612148352022419018e-01 1.280619616671086272e-02
3.989996146381911135e-01 1.360547302482644286e-02
4.169563386898560431e-01 1.393736986355847973e-02
4.334130249311533012e-01 1.443712527390150421e-02
4.649504600695707479e-01 1.515187004421614247e-02
4.918612340854084941e-01 1.578305539485168676e-02
4.939624299899659232e-01 1.517211001530048044e-02
4.931307210089714843e-01 1.479809733392233040e-02
5.044916710745064314e-01 1.469802799022463385e-02
5.161375647858199578e-01 1.437565331671926926e-02
5.184635051280065410e-01 1.436254475307446529e-02
5.216803868624004803e-01 1.447539310970201096e-02
5.212807512649055841e-01 1.388908630079895880e-02
5.169955852683196795e-01 1.354364873386293584e-02
5.245414374113345213e-01 1.343012292962107723e-02
5.252513702246547345e-01 1.351237995634639241e-02
5.321064318109433033e-01 1.365061729088286845e-02
4.882936361785643609e-01 1.202980221467758216e-02
3.776027310796746805e-01 2.395767711151054746e-02
