6.271046533320434602e-01 1.421167046116364463e-02
1.812655347147403839e-01 6.201207244431430204e-03
2.688862951089696085e-01 8.699524210169770622e-03
3.123402575240044610e-01 1.005250451842101128e-02
3.370982645832685254e-01 1.133562673928213173e-02
3.659372378736998610e-01 1.282656974016137090e-02
3.981635503529125097e-01 1.417269041721942041e-02
4.267439486264579251e-01 1.543205264613336201e-02
4.291954336454104624e-01 1.619529803724684136e-02
4.328006727463781789e-01 1.730494396555866399e-02
4.386463070714379797e-01 1.836049624381400069e-02
4.474045285094320201e-01 1.979614516013651279e-02
4.516247568658868228e-01 2.116854092151779915e-02
4.603478613074667436e-01 2.289279236319540986e-02
4.683075131506336253e-01 2.406854107169138779e-02
4.662567757740347929e-01 2.526636945531959486e-02
4.807013826738211204e-01 2.698346557018966793e-02
4.871781721359315642e-01 2.844596526408421644e-02
4.947211541204632468e-01 3.009942827839285143e-02
4.622076909599886485e-01 3.074851154612781579e-02
3.746378244785474321e-01 4.477679665856006824e-02
