2.565435940555072514e-01 9.130755632790572493e-03
2.864173020756313193e-01 9.946422753338670861e-03
3.353009869111921448e-01 1.127725700873045446e-02
3.454299658615299640e-01 1.088456584544746260e-02
3.598493962746029950e-01 1.158573458965176869e-02
3.668955899005698629e-01 1.123990326069290724e-02
3.734989324719549808e-01 1.116742030627503567e-02
3.759445564191179479e-01 1.102126414043259027e-02
3.795602431632441043e-01 1.101646139889810028e-02
3.816038790173588713e-01 1.057340888954887495e-02
3.881404251011543738e-01 1.078786078068102484e-02
3.908144911480193606e-01 1.049483899637949913e-02
3.936617238498161253e-01 1.053724620907342882e-02
3.928093609868699709e-01 1.031442161071135545e-02
3.965638320773077763e-01 1.068706025170934951e-02
3.989239959626299514e-01 1.051688863161494639e-02
4.007692864760196150e-01 1.067802521459680458e-02
3.989156149026929499e-01 1.051929531171060667e-02
4.016523619170214721e-01 1.078667795332358299e-02
4.029388380693085248e-01 1.091482885314702493e-02
4.039959363455870034e-01 1.112947570151719134e-02
4.021544048508034486e-01 1.110240704499390954e-02
4.018898242908692242e-01 1.147540272699351140e-02
4.021758928886423612e-01 1.156818654880180375e-02
4.051097241428330831e-01 1.190969990681561494e-02
4.041971133444033915e-01 1.218093366908216783e-02
3.999667305750809754e-01 1.230003507480516983e-02
3.961699762402439706e-01 1.229054539078528602e-02
3.915628948105685514e-01 1.253631943190264449e-02
3.314428133124620590e-01 1.091280844228002811e-02
3.818947088824220515e-01 1.279311770107065781e-02
