2.147365909683399687e-01 7.685284697029347994e-03
2.270314521117457462e-01 7.983433820897918934e-03
2.747048935015207194e-01 9.431526844736541973e-03
2.884773283362547791e-01 9.307846281236384703e-03
3.057816516860567546e-01 1.015519878370674083e-02
3.154550951755240029e-01 1.012190994856252552e-02
3.250090164357402056e-01 1.037403101270546225e-02
3.304900341830676047e-01 1.046171219843989968e-02
3.369573017581785623e-01 1.079639930842762885e-02
3.412295135103466936e-01 1.082553583449939391e-02
3.499796291172648788e-01 1.138160542690060638e-02
3.542309882531880505e-01 1.103883360376829194e-02
3.580204573410594171e-01 1.115615302901376733e-02
3.586678364209126002e-01 1.094547273392255243e-02
3.638636203716934525e-01 1.111317534855251615e-02
3.672523364869837992e-01 1.102768920034017178e-02
3.701328955694977996e-01 1.178553768389603226e-02
3.699645069788348173e-01 1.195591905311357665e-02
3.736447170523635175e-01 1.224117320005202111e-02
3.759786798865162871e-01 1.300280213982749587e-02
3.783426161197382398e-01 1.374775013881239516e-02
3.765510415965896418e-01 1.391769969565649807e-02
3.768799284693558072e-01 1.373648762686045452e-02
3.775905706739702827e-01 1.396045886951230441e-02
3.823201711081132270e-01 1.458327508972346621e-02
3.828992982738670392e-01 1.484336458691620265e-02
3.786371975183920324e-01 1.496316401593221664e-02
3.771825049570985411e-01 1.508760285443548101e-02
3.742675236096092983e-01 1.528996377725232170e-02
3.152186557827409419e-01 1.334949294528558518e-02
3.644804381658190429e-01 1.586502482587205318e-02
