2.860271654885800929e-01 1.017784192524975526e-02
3.250292803104382622e-01 1.133464803570022328e-02
3.737148873701179874e-01 1.261850105723013801e-02
3.810213600352364005e-01 1.199842767006710498e-02
3.935534449845208838e-01 1.264522451780639677e-02
3.985290675351426115e-01 1.218991040215340431e-02
4.034156589120554415e-01 1.203954208949790765e-02
4.041727017845412329e-01 1.185549134076610556e-02
4.063599014493785577e-01 1.177972649834281571e-02
4.069050354192908503e-01 1.130920068924044612e-02
4.122932303893486750e-01 1.152223165199199248e-02
4.138752817255822447e-01 1.101192623059490082e-02
4.161141679211245448e-01 1.090348937451561528e-02
4.141191794934726556e-01 1.047295691389435457e-02
4.169253250202993311e-01 1.054390459943140707e-02
4.184948767864111185e-01 1.026096709359195988e-02
4.198490899269672338e-01 1.047142177815181367e-02
4.173743417752155405e-01 1.020911126694912588e-02
4.195690449965410740e-01 1.045440582653568359e-02
4.207586111349030378e-01 1.061297024151099805e-02
4.214051958311403334e-01 1.080846351095601787e-02
4.195356248611427086e-01 1.075638304770640784e-02
4.187910794125545566e-01 1.102707907375287746e-02
4.186011837844628714e-01 1.095842247864523174e-02
4.209230520861902414e-01 1.129081343146048563e-02
4.193939509994473736e-01 1.149248929475828879e-02
4.149159700902629866e-01 1.159966365863168876e-02
4.107248076086120192e-01 1.148056938693429313e-02
4.061413732252935893e-01 1.169025406294070014e-02
3.442552371149918966e-01 1.012654090166536548e-02
3.983672748420156728e-01 1.189913685314237038e-02
