1.662673969394165008e-01 2.979798243333155357e-03
1.967958774776417952e-01 4.773906976109902611e-03
2.243504961323985469e-01 5.737957342214488644e-03
2.400280780398111047e-01 6.193018514669014658e-03
2.514417645263080092e-01 6.548175595475736258e-03
2.559402762441531642e-01 6.666895354613702057e-03
2.599666635650051405e-01 6.717341932466382691e-03
2.662788496680109085e-01 6.751735060124030782e-03
2.688354234244613172e-01 6.615486980912707246e-03
2.686212223923177822e-01 6.593115506671313499e-03
2.709549826154290519e-01 6.544942972696503845e-03
2.762252961619615643e-01 6.399304555010606674e-03
2.783528282695987843e-01 6.242906628401944519e-03
2.838283710182549213e-01 6.308840435150881061e-03
2.853253899926951331e-01 6.315732762783029565e-03
2.836756826458848857e-01 6.260926460089223655e-03
2.850770612056799935e-01 6.317529625708816036e-03
2.846342126416999685e-01 6.163228265169400089e-03
2.828886574172639334e-01 6.051983964029634261e-03
2.528798553438145746e-01 5.324285598492415998e-03
2.926161728125443728e-01 5.103593487562975255e-03
