1.196705344395108672e-01 3.474039132291947309e-03
1.351164786766533843e-01 4.325780495317553889e-03
1.621583271631738821e-01 5.394350633383973755e-03
1.827024182838275779e-01 6.146517442503809416e-03
1.989038055767745616e-01 6.748955150092906044e-03
2.091761045558440113e-01 7.223549425950034908e-03
2.166832722346527518e-01 7.633668816563993209e-03
2.233612834360625965e-01 8.162568718497929809e-03
2.269153453491446204e-01 8.489250990930513260e-03
2.249000661919520472e-01 8.998155920000302371e-03
2.291415028796603692e-01 9.540016793108004739e-03
2.365935623481350281e-01 9.841839131362476248e-03
2.421110107084591401e-01 1.011780647883994515e-02
2.501799304554470638e-01 1.078798409375440574e-02
2.542144422816312033e-01 1.125110455924526257e-02
2.522774578119523214e-01 1.172476558210229849e-02
2.531181271714254000e-01 1.232136920282567855e-02
2.521909124970617144e-01 1.259016359000655200e-02
2.520813209083561657e-01 1.305282665880156193e-02
2.181265048273396123e-01 1.210190531781452777e-02
2.481944727433492703e-01 1.378260888596970386e-02
