1.885514222193219736e-01 3.587224905955390970e-03
2.287889607966535899e-01 5.579712434353035870e-03
2.513597654970844975e-01 6.366777304301076204e-03
2.612144116119261561e-01 6.623826366216505231e-03
2.678326982516742172e-01 6.637247185812177909e-03
2.685105516081321420e-01 6.450641880024522018e-03
2.705999492835306497e-01 6.072625554663960493e-03
2.744221140089596611e-01 5.818732309618825441e-03
2.750380525243866781e-01 5.485617222765539445e-03
2.741886928722240824e-01 5.275343112762331636e-03
2.758451595217639718e-01 5.184897196787627803e-03
2.791603431854444706e-01 4.904882507069495932e-03
2.800387932375670852e-01 4.717446614663708092e-03
2.829994907009795724e-01 4.668548512027140968e-03
2.825684518469468443e-01 4.491747577219151744e-03
2.795706239941189164e-01 4.388955807537139528e-03
2.792283549177964064e-01 4.279994578690351353e-03
2.781592602349783339e-01 4.182572835540846433e-03
2.760539078855144823e-01 4.069830495673006955e-03
2.474368661614442799e-01 3.528775831353894200e-03
2.888707197956220663e-01 3.318625766769827280e-03
