1.627771783622918578e-01 3.467961166351153212e-03
1.923793579649157315e-01 4.982102468381164988e-03
2.189906460912338648e-01 5.855609507494842492e-03
2.339465442454669863e-01 6.269916698593598278e-03
2.447079385920603034e-01 6.455809406803136169e-03
2.487169213351459185e-01 6.441277927821443400e-03
2.522553672268652569e-01 6.260765021937613785e-03
2.579974914409819964e-01 6.202758616729199884e-03
2.600886262136492544e-01 6.028518069132015288e-03
2.594963445349811049e-01 5.986808793047239570e-03
2.613630088428494092e-01 6.002109530232516144e-03
2.660519726950591468e-01 5.835941271787324289e-03
2.677039196562245871e-01 5.725479665860225796e-03
2.725655428600059493e-01 5.805059914678196466e-03
2.735971841963611428e-01 5.748623420988534412e-03
2.716122596348686247e-01 5.753394219112886038e-03
2.725496252193921887e-01 5.753076423665257587e-03
2.717230449308865037e-01 5.705199835846306439e-03
2.696565431433673998e-01 5.636876604557019763e-03
2.406942518482176052e-01 4.953311660378347664e-03
2.781031232538417886e-01 4.780228883931333592e-03
