2.239103280818046937e-01 3.237108176540395843e-03
2.787771531346630582e-01 6.253818112019783604e-03
2.950022131152689742e-01 7.059976195075977866e-03
2.983020908910469782e-01 7.159346436960003363e-03
2.996454198181618955e-01 7.194267101721133102e-03
2.963704546515291693e-01 6.955772428171182360e-03
2.963132700175197809e-01 6.624516452935503771e-03
2.983352277134171948e-01 6.334285271431166868e-03
2.976752380861898972e-01 5.943417186600774213e-03
2.967232349070255126e-01 5.612276596835353085e-03
2.977269715441414610e-01 5.337097923718567630e-03
2.998410850961075735e-01 4.977348173751944618e-03
3.003479842513714360e-01 4.677862027075471718e-03
3.027692011887007650e-01 4.524691774447358629e-03
3.015887326913370137e-01 4.294373290094410933e-03
2.983970439074610792e-01 4.021402765880165153e-03
2.972100114312612451e-01 3.852770365680404513e-03
2.966366675161726807e-01 3.645741923765779234e-03
2.941534324184709726e-01 3.452595249693826522e-03
2.643110610218463163e-01 2.842115308137483504e-03
3.128376535766725919e-01 2.431145826794229008e-03
