1.885576527016996629e-01 3.595146735802785473e-03
2.288152621765542905e-01 5.593335371521640335e-03
2.514092534659557732e-01 6.388979138368803753e-03
2.612872407067133307e-01 6.653158818651318772e-03
2.679293175460375487e-01 6.674859507399173025e-03
2.686294177344125123e-01 6.488701575430172626e-03
2.707419156844804164e-01 6.094963518312932621e-03
2.745885760432751899e-01 5.841637793832088824e-03
2.752274308966722316e-01 5.501218051710007363e-03
2.743999613556435957e-01 5.285607713807110968e-03
2.760803169209486985e-01 5.199650729939894224e-03
2.794212129815557555e-01 4.933553292974348151e-03
2.803234440357915136e-01 4.759145468495933236e-03
2.833103557101737113e-01 4.738715939961703205e-03
2.829020146828915561e-01 4.572705484974702583e-03
2.799235753485491141e-01 4.514890764410904936e-03
2.796037753285129934e-01 4.426970354614741775e-03
2.785560586049014575e-01 4.370562724332237997e-03
2.764703474557723140e-01 4.310078676936705648e-03
2.478304343973067314e-01 3.784911728387864091e-03
2.893538916617955925e-01 3.779644083809173549e-03
