1.071777230888745214e-01 3.323397833610693998e-03
1.185430998442630196e-01 3.992309615821448832e-03
1.464999797291110517e-01 5.228620965325936169e-03
1.692945707338229522e-01 6.128274858640012784e-03
1.874818020371522009e-01 7.056262625527947793e-03
1.999053092323809233e-01 7.845234103498199135e-03
2.086497706043271838e-01 8.654420525539384054e-03
2.188928355820195237e-01 9.487253457935775416e-03
2.257687552949366738e-01 1.010448705314160277e-02
2.258909434402269767e-01 1.087823999227004700e-02
2.290895111110686222e-01 1.165326444992960050e-02
2.388534906578053396e-01 1.243507232594457876e-02
2.467559475451918116e-01 1.309923411666612074e-02
2.620085368299799877e-01 1.424479448858266550e-02
2.721543728320644506e-01 1.546936633176338068e-02
2.746128838208107825e-01 1.658479781519120455e-02
2.800126121258630363e-01 1.804819935066884554e-02
2.830584224959373785e-01 1.880552784006008643e-02
2.860016980561536637e-01 1.963306898648530321e-02
2.434891280545248560e-01 1.799531617011420823e-02
2.759100866079734482e-01 2.069638155962673018e-02
