1.048545024620233107e-01 3.467146432799007080e-03
1.155346956837976363e-01 4.044697350067503507e-03
1.422418190242788760e-01 5.205356657104498810e-03
1.637519013210139707e-01 6.071298040944066859e-03
1.806575132088042990e-01 6.868595576382637707e-03
1.918999338169596613e-01 7.538734608957659532e-03
1.995363371777027217e-01 8.175018998553572336e-03
2.085399279845142062e-01 8.944169975870379374e-03
2.142767735732374890e-01 9.543792192716482256e-03
2.135815170248359096e-01 1.029837553258374991e-02
2.157861869362686646e-01 1.108538346723599195e-02
2.241318706177420628e-01 1.178969533769200564e-02
2.306711285013579305e-01 1.242929032454851215e-02
2.440027048833307011e-01 1.347093177575760074e-02
2.524922796460383756e-01 1.444916318947691257e-02
2.538091550882545233e-01 1.532909409869018420e-02
2.578205646882386071e-01 1.643261589639202075e-02
2.596388232420171471e-01 1.722273779013365480e-02
2.613459350927865854e-01 1.785575978053645721e-02
2.216564126502916510e-01 1.627588189517093636e-02
2.502199258729726483e-01 1.859545166173620992e-02
