1.222907918664261351e-01 3.299476123472303967e-03
1.384768708647993729e-01 4.275837894789476235e-03
1.666750425653353296e-01 5.440669126175222588e-03
1.883380247431335197e-01 6.226370452597283604e-03
2.056360268974077032e-01 6.974482500771927995e-03
2.168855304974604270e-01 7.566721589577854630e-03
2.253233968731437331e-01 8.153893876765596488e-03
2.329438221419978805e-01 8.742897070165674828e-03
2.373392487750730084e-01 9.082511537301340282e-03
2.359161523563679252e-01 9.570585498928394635e-03
2.410650480772393855e-01 1.007727466678353528e-02
2.496294439128027287e-01 1.041258624093788915e-02
2.561945122823872101e-01 1.068306455772056324e-02
2.655034360370293056e-01 1.139822020699161366e-02
2.705704067685447689e-01 1.200556495557846340e-02
2.692904282799434279e-01 1.255637957750706246e-02
2.709743079562609291e-01 1.335503492750136217e-02
2.707676007266586193e-01 1.352919276033278523e-02
2.714377994435044350e-01 1.407085837068605856e-02
2.355594310450792872e-01 1.316764697127485902e-02
2.688107039063147297e-01 1.496357426034342422e-02
