2.192941514266029124e-01 4.111879635976704167e-03
2.729253906997662349e-01 6.609143787736699270e-03
2.886993958128135085e-01 7.303417641882119053e-03
2.918171001027565770e-01 7.356371264987664194e-03
2.930190949890134622e-01 7.207782823518270321e-03
2.897056894762710111e-01 6.861610629624107817e-03
2.895389920439260245e-01 6.301277727605959951e-03
2.914032118382736680e-01 5.896200382966805716e-03
2.906473346089669674e-01 5.443954255123784058e-03
2.896069827748151138e-01 5.118266777492407917e-03
2.904754898670028895e-01 4.962424462462304564e-03
2.924262081365040511e-01 4.646670232006252198e-03
2.928085220773354869e-01 4.423926556492260159e-03
2.950560506094348501e-01 4.315264695097983591e-03
2.937932282119152250e-01 4.102410592279457160e-03
2.905728442204733586e-01 3.971265603722882315e-03
2.893062269567098221e-01 3.809574759239075289e-03
2.886376762735388679e-01 3.741902217802784997e-03
2.861119158322902312e-01 3.631905565165154202e-03
2.569870281124191358e-01 3.173997845001557024e-03
3.040526009391870121e-01 3.184094064461793269e-03
