6.822344025001257251e+04 6.823751720443218073e+04
3.135876052462681855e+03 3.139591650024322917e+03
4.649306731205707592e+02 4.677029578040401816e+02
4.009935652100946868e+01 4.247338252023051552e+01
1.099537133061271321e+00 3.182073666958648683e+00
1.622378680498084647e+00 2.873253312826849482e-01
1.593038524287971214e+00 1.761802166972632477e-01
1.362095823870442368e+00 1.877438164369557017e-01
1.162987897240756130e+00 2.000921760751012968e-01
1.011342820915506424e+00 2.127230552721754153e-01
8.700020531636375454e-01 2.262511996447338081e-01
7.634243373245581665e-01 2.377737615412260641e-01
6.506495376561539645e-01 2.481190263931171147e-01
6.366238749436583522e-01 2.598768947107896188e-01
5.928900154385492449e-01 2.742169268502543389e-01
5.273044748720843167e-01 2.842882702581916443e-01
5.465447824993565629e-01 2.951031692103753268e-01
3.661641847814811612e-01 3.119100533154757215e-01
3.029244532533260092e-01 3.270068790378562462e-01
3.019258984418841107e-01 3.397507746194464162e-01
1.141534556093166120e-01 3.641338168124989005e-01
1.309636252127580613e-01 3.717285095181049881e-01
1.676643619275052996e-02 3.879039837400664048e-01
2.122183310216312763e-02 3.920507868008988872e-01
1.001529611604154435e-02 3.880239317878261263e-01
8.890107922922833028e-01 3.413818111024773394e-01
2.802814423625631934e-01 3.564549115263794810e-01
