2.289196698895901136e+04 2.290033798272245258e+04
3.727720238010844696e+03 3.724702627628116261e+03
1.585261209403817588e+02 1.561750919593875437e+02
4.837015410222271328e+00 6.804690016634619809e+00
1.053459118980431874e+00 7.214194769620770886e-01
1.462969024541270535e+00 3.406697800180398250e-01
1.264131305724508492e+00 3.345894207666102460e-01
1.102541725063247435e+00 3.276303452961568663e-01
9.933898547158352965e-01 3.186920370685997206e-01
8.184975387161389504e-01 3.170681922320736090e-01
7.451045005769655338e-01 3.171400142133308231e-01
6.944840461547663324e-01 3.162973431172626526e-01
7.000741660064105920e-01 3.091923552891888693e-01
7.366124871377193184e-01 3.071103823044350478e-01
7.188029516117324658e-01 3.005159868231495612e-01
6.355497187131147196e-01 3.007371976646207035e-01
6.360857068803078551e-01 2.988988752468871302e-01
4.644957436478293067e-01 2.992071911381199434e-01
4.317699173804907531e-01 2.976614167407248268e-01
3.720676902027744704e-01 3.012209073467956855e-01
3.684569559166058217e-01 3.006632168985517439e-01
4.356591170758189469e-01 3.032454722649993717e-01
4.258343286288194807e-01 3.048458346212333803e-01
5.362594710975938650e-01 3.067860723880703189e-01
7.304978979640819325e-01 3.055919476693440551e-01
2.328130872780355354e+00 2.686802957159092342e-01
2.256350726128534823e-01 3.385894099761132536e-01
