5.336074815359177592e+03 5.338719542206602455e+03
9.041550904496203600e+01 9.219576323964726328e+01
1.730877286720573593e+01 1.878733060742095873e+01
4.592063162842470625e+00 5.923703396057593551e+00
6.395341126706639567e-01 5.799166183378841044e-01
1.099500279367341626e+00 8.206726833872098059e-02
1.028600702187860705e+00 8.104183016084798297e-02
9.445934967697027229e-01 8.444112767019297527e-02
8.496435789922018866e-01 8.816031310181053626e-02
7.672007928247550623e-01 9.351843655054281612e-02
7.236854417890460356e-01 9.878532811201792829e-02
6.891611472764255231e-01 1.028534992916583096e-01
6.540609597592343949e-01 1.075440262245843936e-01
6.541401665858480596e-01 1.123801560028686308e-01
6.460369771076597267e-01 1.165473079582289712e-01
6.221695037191948829e-01 1.219807731990325411e-01
5.872652590166970166e-01 1.255116561332195735e-01
4.836482969428200218e-01 1.327010759619713376e-01
4.283031587891819036e-01 1.391618534949233821e-01
4.216557333576646527e-01 1.465888960131418728e-01
3.757888088969048024e-01 1.542742879299639491e-01
4.053212480308903687e-01 1.630849259954864350e-01
3.563847290563781911e-01 1.727028060534478160e-01
3.778443971328495632e-01 1.797725730598279392e-01
3.481606377163248833e-01 1.939917718901007782e-01
7.124742392595057039e-01 1.735916491693232089e-01
2.775349942935119718e-01 2.182578237640309116e-01
