8.558791602823264839e+04 8.560764354835663107e+04
2.792942531578591115e+03 2.797409516192959018e+03
5.095172642565268575e+02 5.125276092499461811e+02
5.244840909205868940e+01 5.489715761417758699e+01
2.035341784785722030e+00 4.111351964992070229e+00
1.505532563654390144e+00 4.227188283605654018e-01
1.470594642365366189e+00 3.130490424115617842e-01
1.244425116546548304e+00 3.115283989808688148e-01
1.065669774762991295e+00 3.080793691062416184e-01
8.672856226805810698e-01 3.098457225761590550e-01
7.479499844760389982e-01 3.129041736747352198e-01
6.774211580542325306e-01 3.149370086924040968e-01
6.443558957006340071e-01 3.115788362362131303e-01
6.560687301053655940e-01 3.134581702684583471e-01
6.087393727837532298e-01 3.097008754027296695e-01
5.316039623598461938e-01 3.122403669004618632e-01
5.346005333682986027e-01 3.129816872460755017e-01
3.440775416441109180e-01 3.168972620254604244e-01
2.989849365301086026e-01 3.185838887704109390e-01
2.399837389821623257e-01 3.236303248157393897e-01
1.773935092882882869e-01 3.270657069990988153e-01
2.740428650195887439e-01 3.323697159740526264e-01
2.573513770026775171e-01 3.372700612160138833e-01
3.560848429296536999e-01 3.428149460482473598e-01
5.355836091103249874e-01 3.448531752950694251e-01
2.013838894076840802e+00 3.040362330029479643e-01
2.566204600433284466e-01 3.763688732926950276e-01
