5.173925275537754060e+05 5.174776818723976612e+05
2.249349151510973752e+04 2.249950213242024984e+04
3.124502308383955096e+03 3.127725070891448922e+03
2.565414092020499766e+02 2.591981244278292706e+02
1.487153168563351358e+01 1.725164529276689862e+01
1.087229473485174180e+00 1.105353283742845916e+00
1.891750122228890163e+00 1.693933881488015047e-01
1.734182044257223998e+00 1.678670826446592712e-01
1.562477303386917926e+00 1.794405861841129879e-01
1.429975697704832571e+00 1.917804883920334325e-01
1.299211409959472485e+00 2.047967284811557653e-01
1.209184069860248290e+00 2.160312463988863785e-01
1.111697894344477744e+00 2.267237016420033391e-01
1.092876633840166534e+00 2.386058331049382142e-01
1.049435086246109039e+00 2.529326021569310856e-01
9.799219299693502361e-01 2.644459025140602493e-01
9.844246153910427566e-01 2.760300353675957385e-01
8.143845159534300882e-01 2.944448183358381876e-01
7.535590601675173916e-01 3.106176477629072896e-01
7.439148881502503086e-01 3.244113035356320784e-01
5.482206860233809209e-01 3.502142963091950389e-01
5.520137870451771178e-01 3.607487322205287228e-01
3.957248287985367652e-01 3.812381993021569104e-01
3.831900184669080334e-01 3.903521862607102211e-01
3.894043612811369237e-01 3.906773919891588509e-01
1.197187698424793778e+00 3.445434041755015553e-01
7.188634257505399638e-01 3.603740465244901769e-01
