nohup: ignoring input
Running with Ensemble=F1S, particle=Bs, nsq=0, cmass_index=1
1.9255568312389808
Initial guess: A0 = 4.2840418812332e-14, m0 = 1.9255568312389808
Initial guess: A1 = 2.0697927145569917e-07, m2 = 2.888335246858471
Optimized a0: 8.566506070694221e-14
Optimized a1: -3.209214625292844e-13
Optimized m0: 1.9753970521469715
Optimized m1: 2.213481176155873
Minimum chi²: 682.2395241078058
1.9753968988584834
2.2134810070598414
0.23808410820135784
1.975396945242859
2.2134810577101725
0.2380841124673133
1.9753969487494587
2.213481062825323
0.2380841140758642
1.9753969123996715
2.213481022729098
0.2380841103294263
1.9753969786373748
2.2134810951929027
0.23808411655552794
1.9753969418518673
2.2134810547979975
0.23808411294613013
1.975396942029799
2.21348105485455
0.23808411282475123
1.9753969848191777
2.2134811025317345
0.23808411771255666
1.975396920570358
2.213481030568822
0.23808410999846408
1.975396988049743
2.213481106243296
0.23808411819355305
1.9753969279466237
2.2134810391155013
0.2380841111688778
1.9753969771117368
2.2134810943259002
0.23808411721416356
1.975396977272168
2.2134810934413722
0.2380841161692041
1.975396941272615
2.2134810544647405
0.23808411319212577
1.9753970034457047
2.2134811230594487
0.23808411961374396
1.9753969925420998
2.2134811107014145
0.2380841181593148
1.9753970409303536
2.2134811638381575
0.23808412290780387
1.975396993184145
2.21348111156728
0.23808411838313512
1.975396935459428
2.213481047696745
0.23808411223731674
1.9753969328735617
2.213481044894662
0.23808411202110016
1.975396949977165
2.2134810636233686
0.2380841136462034
1.9753969664520328
2.213481081989491
0.2380841155374584
1.9753969534828886
2.2134810676054784
0.23808411412258965
1.9753969629345058
2.213481078526912
0.23808411559240605
1.9753969987955748
2.2134811174584854
0.2380841186629107
1.9753969522007686
2.2134810664399587
0.23808411423918993
1.975396969918793
2.2134810848511544
0.23808411493236156
1.9753969783144363
2.213481094584638
0.2380841162702019
1.9753969521177313
2.2134810664052553
0.23808411428752393
1.9753969478472486
2.2134810611972497
0.2380841133500012
1.9753969657588029
2.2134810815332377
0.23808411577443472
1.975396940625936
2.213481053347304
0.23808411272136798
1.97539692688514
2.2134810384284496
0.23808411154330986
1.975396963114319
2.213481078197371
0.23808411508305197
1.9753969595373047
2.2134810745179903
0.23808411498068577
1.9753969402593254
2.2134810536800624
0.23808411342073693
1.9753969579481057
2.21348107223489
0.2380841142867844
1.9753969491271255
2.2134810630018986
0.2380841138747732
1.9753969457535123
2.2134810590126177
0.23808411325910528
1.9753969011561434
2.213481009778681
0.23808410862253754
1.975396962014748
2.2134810771974025
0.23808411518265454
1.975396942462539
2.2134810557538915
0.23808411329135243
1.975396950573233
2.213481065015735
0.2380841144425021
1.9753969339618942
2.21348104676967
0.23808411280777583
1.975396928403742
2.21348103961591
0.238084111212168
1.9753969772667972
2.213481093929232
0.23808411666243517
1.9753969445421107
2.213481057557809
0.23808411301569823
1.975396952737921
2.21348106730224
0.2380841145643192
1.9753969118079613
2.2134810217318956
0.2380841099239345
1.9753969657107695
2.213481081765763
0.23808411605499324
1.9753970158288197
2.2134811366452034
0.23808412081638364
1.9753969567000649
2.213481071305503
0.23808411460543816
1.9753969474076887
2.213481060570052
0.23808411316236341
1.9753969985262396
2.2134811174093896
0.23808411888315015
1.975396952615416
2.2134810665960183
0.23808411398060209
1.9753969457543328
2.2134810593428793
0.23808411358854634
1.9753969603915862
2.2134810752364396
0.23808411484485337
1.9753969748036437
2.2134810912490654
0.23808411644542157
1.9753969131581754
2.213481023305126
0.23808411014695044
1.9753970202406665
2.2134811416770472
0.23808412143638066
1.9753969598657155
2.2134810745882474
0.23808411472253205
1.9753969249591288
2.2134810363489383
0.2380841113898096
1.9753969726993574
2.2134810890296595
0.23808411633030188
1.9753969871882555
2.2134811050531473
0.23808411786489178
1.9753969453105178
2.213481059280851
0.23808411397033327
1.9753969392015154
2.2134810515569594
0.2380841123554441
1.9753969553604998
2.213481069783444
0.23808411442294428
1.9753969349442677
2.213481046775236
0.23808411183096828
1.9753969497054746
2.2134810629996524
0.2380841132941776
1.975396953303223
2.213481067217319
0.2380841139140962
1.9753969764087442
2.213481093149165
0.23808411674042074
1.9753969464983252
2.213481059732649
0.23808411323432382
1.9753969156059004
2.2134810258325452
0.23808411022664497
1.9753969875494302
2.2134811055097647
0.23808411796033474
1.9753969527126924
2.2134810662024416
0.23808411348974917
1.9753969475971107
2.213481061071606
0.23808411347449493
1.9753969442553978
2.213481057196476
0.2380841129410778
1.9753969501572974
2.213481063986257
0.23808411382895953
1.9753969874481363
2.2134811048349143
0.23808411738677823
1.9753969741176889
2.213481090582201
0.2380841164645121
1.9753969651941878
2.213481080780151
0.23808411558596282
1.9753969484040255
2.21348106229444
0.23808411389041448
1.975396877779354
2.213480984452472
0.2380841066731179
1.975396930011629
2.2134810414144956
0.23808411140286687
1.9753969273879155
2.213481038867202
0.23808411147928651
1.975397013047699
2.2134811336674916
0.23808412061979256
1.975396969707253
2.213481085191121
0.23808411548386785
1.9753969746482425
2.2134810909411846
0.238084116292942
1.9753969540248602
2.213481067932785
0.23808411390792467
1.9753969318907245
2.213481044136028
0.23808411224530343
1.9753969785398788
2.2134810951311272
0.2380841165912485
1.9753969577976913
2.2134810719930473
0.23808411419535622
1.9753969386859833
2.2134810512131655
0.23808411252718223
1.9753969397773943
2.2134810524117507
0.23808411263435642
1.9753968661074406
2.213480970977049
0.23808410486960865
1.9753969881175664
2.213481106186583
0.23808411806901641
1.9753969604880828
2.213481075325841
0.23808411483775815
1.9753969391774573
2.2134810519457604
0.23808411276830288
Fehler m1: 1.0965785126678116e-06
0.7523858575475395
Initial guess: A0 = 1.048679659908567e-13, m0 = 0.7523858575475395
Initial guess: A1 = 3.2383323793405875e-07, m2 = 1.1285787863213093
Optimized a0: 2.0315640991373259e-13
Optimized a1: -7.130059154353472e-13
Optimized m0: 0.8055125264841346
Optimized m1: 1.0465594624466976
Minimum chi²: 1226.2812044759241
0.8055125509054518
1.046559489246706
0.24104693834125418
0.8055124912040241
1.0465594233023863
0.24104693209836214
0.8055124781316846
1.0465594086839927
0.2410469305523081
0.8055124361131011
1.0465593617319113
0.24104692561881014
0.8055126624292649
1.0465596138667779
0.24104695143751304
0.8055127338217134
1.0465596926965155
0.24104695887480215
0.8055126062077085
1.0465595512464687
0.24104694503876017
0.8055126317271744
1.046559579437871
0.24104694771069665
0.8055125080037479
1.0465594418048028
0.2410469338010548
0.8055125532328596
1.0465594923771089
0.24104693914424927
0.805512675771673
1.0465596285890797
0.24104695281740668
0.8055125575386387
1.0465594971388958
0.2410469396002572
0.8055127376650111
1.0465596969524702
0.24104695928745914
0.8055126517779359
1.0465596012988336
0.24104694952089778
0.8055126937198964
1.046559647981194
0.24104695426129757
0.8055126325024947
1.0465595804502386
0.24104694794774384
0.8055126620997444
1.0465596128059478
0.2410469507062035
0.8055125976622668
1.0465595413762674
0.24104694371400054
0.805512634292719
1.0465595821960596
0.2410469479033405
0.8055126359315963
1.0465595835102675
0.24104694757867112
0.8055125133961087
1.0465594477726199
0.24104693437651117
0.8055125432037319
1.0465594814660433
0.24104693826231133
0.805512719946758
1.0465596773349535
0.24104695738819548
0.8055127164083882
1.046559673856649
0.24104695744826082
0.8055125039947543
1.0465594374232587
0.24104693342850436
0.8055125297516323
1.0465594663624467
0.24104693661081442
0.8055126069371619
1.0465595518447763
0.24104694490761439
0.8055125739225893
1.0465595150588576
0.24104694113626834
0.8055124328130422
1.046559357930676
0.24104692511763387
0.8055127033581095
1.0465596589445523
0.24104695558644273
0.8055125296811233
1.0465594661955482
0.24104693651442488
0.8055124981409237
1.04655943114921
0.24104693300828609
0.8055125373175562
1.0465594748913212
0.2410469375737649
0.8055125951111325
1.0465595384669932
0.24104694335586074
0.8055124469051298
1.0465593743902741
0.24104692748514422
0.8055126523177575
1.0465596018387813
0.2410469495210237
0.8055124249144119
1.046559349202417
0.24104692428800512
0.8055126506384576
1.0465596009097227
0.24104695027126516
0.8055125830960103
1.0465595255765783
0.241046942480568
0.8055126170758742
1.0465595630071085
0.24104694593123424
0.8055125054362399
1.0465594390384967
0.2410469336022569
0.8055125448420208
1.0465594825008038
0.24104693765878293
0.8055124280380662
1.0465593529265562
0.24104692488848992
0.8055123785035042
1.0465592977876383
0.24104691928413416
0.8055124774396756
1.0465594083456682
0.24104693090599252
0.8055125129250781
1.046559447614511
0.24104693468943303
0.8055124854216171
1.0465594166094931
0.24104693118787593
0.805512511594838
1.0465594460483776
0.24104693445353959
0.8055124895426469
1.0465594212382874
0.2410469316956405
0.8055126719122722
1.0465596241263728
0.2410469522141006
0.8055125283217864
1.0465594644761016
0.24104693615431522
0.8055125503250891
1.0465594888959515
0.24104693857086237
0.8055125380808487
1.0465594752557221
0.24104693717487344
0.8055125942655192
1.046559537701453
0.24104694343593375
0.8055125325148365
1.046559469004761
0.24104693648992456
0.8055125292440867
1.046559465529933
0.24104693628584628
0.8055125539879083
1.0465594927424846
0.24104693875457625
0.8055125403849095
1.0465594779953453
0.24104693761043589
0.8055126010340585
1.046559545199671
0.24104694416561234
0.8055126595114205
1.0465596099516743
0.2410469504402537
0.8055125984672293
1.0465595428279229
0.2410469443606936
0.8055126805666024
1.0465596331697256
0.24104695260312323
0.8055125154674628
1.0465594498864819
0.24104693441901912
0.8055123907689448
1.0465593117530376
0.24104692098409286
0.8055126110780912
1.0465595568613744
0.24104694578328317
0.8055125495804213
1.0465594879650502
0.24104693838462887
0.8055124567005906
1.0465593847905224
0.24104692808993172
0.8055126862043728
1.0465596397426447
0.2410469535382719
0.8055124393703553
1.0465593660150947
0.24104692664473937
0.8055124718587393
1.0465594020164795
0.24104693015774012
0.8055126863199631
1.0465596397491568
0.2410469534291936
0.805512677820153
1.0465596307222655
0.24104695290211253
0.8055124062601176
1.0465593291705624
0.2410469229104448
0.8055124117104941
1.0465593349432265
0.2410469232327324
0.8055123522217104
1.0465592686994802
0.24104691647776982
0.8055126132950532
1.046559558878984
0.24104694558393075
0.8055125717745435
1.0465595130650147
0.24104694129047133
0.8055125664150619
1.0465595071435227
0.24104694072846083
0.8055125064124345
1.0465594399288385
0.24104693351640394
0.8055125999350188
1.0465595443206321
0.24104694438561344
0.8055125920974723
1.0465595356992592
0.2410469436017869
0.8055127383683872
1.0465596977930183
0.24104695942463097
0.8055126780673262
1.0465596307964518
0.2410469527291255
0.8055124946563049
1.046559427290973
0.24104693263466825
0.8055125474626307
1.0465594857053344
0.2410469382427037
0.8055125746465543
1.0465595154656495
0.2410469408190951
0.8055127098677172
1.046559666548895
0.24104695668117787
0.805512491428607
1.0465594231013156
0.24104693167270855
0.8055126956599422
1.0465596508708148
0.24104695521087255
0.8055125445195219
1.0465594824911597
0.24104693797163781
0.8055125461996665
1.0465594839907881
0.24104693779112157
0.805512501376822
1.046559434433284
0.2410469330564621
0.8055124775418913
1.0465594079703573
0.24104693042846614
0.8055126421034324
1.0465595911510743
0.2410469490476419
0.8055125222971615
1.0465594577290989
0.24104693543193728
0.8055124293926416
1.0465593541519993
0.2410469247593578
0.805512588540183
1.0465595312599951
0.24104694271981203
0.8055126969652358
1.0465596517886875
0.24104695482345176
Fehler m1: 1.0818573427069458e-06
0.7633852051047729
Initial guess: A0 = 9.703287804472413e-14, m0 = 0.7633852051047729
Initial guess: A1 = 3.115010080958393e-07, m2 = 1.1450778076571595
Optimized a0: 1.8972121687797453e-13
Optimized a1: -6.64511797256156e-13
Optimized m0: 0.8161842906155655
Optimized m1: 1.0566528036389955
Minimum chi²: 1003.9798450616865
0.816184092882407
1.0566525858573452
0.24046849297493822
0.8161840852579262
1.056652577743873
0.24046849248594668
0.816184130910911
1.0566526278863289
0.24046849697541792
0.8161840843207625
1.0566525766395476
0.24046849231878512
0.8161839507229954
1.0566524289417727
0.24046847821877726
0.816184094418853
1.0566525876396817
0.24046849322082875
0.816184023005218
1.0566525095498773
0.24046848654465938
0.8161840831923863
1.0566525748108881
0.24046849161850176
0.8161840528405787
1.0566525419117863
0.2404684890712076
0.8161840615940759
1.0566525516184524
0.24046849002437642
0.8161839727539179
1.0566524539193238
0.2404684811654059
0.8161840133445454
1.0566524981970842
0.2404684848525389
0.81618406353658
1.0566525539298794
0.24046849039329934
0.8161840691871458
1.056652559584327
0.24046849039718124
0.8161840274740251
1.056652513690159
0.24046848621613387
0.8161839577098775
1.0566524371144361
0.24046847940455865
0.8161840056272842
1.0566524897193441
0.24046848409205987
0.8161839871049065
1.0566524694532324
0.24046848234832585
0.8161839576468857
1.0566524366122163
0.24046847896533066
0.8161839928687149
1.0566524761911253
0.24046848332241033
0.8161840819739388
1.056652573497832
0.24046849152389327
0.8161842403218762
1.0566527482359582
0.24046850791408192
0.8161839037222381
1.0566523773390513
0.24046847361681317
0.8161841615544959
1.0566526619491974
0.24046850039470158
0.8161839055695205
1.056652380049269
0.2404684744797486
0.8161839594990403
1.0566524390984755
0.24046847959943526
0.8161839912325499
1.0566524730944173
0.24046848186186734
0.8161840349895053
1.0566525221606478
0.24046848717114255
0.8161838954364193
1.0566523688422897
0.24046847340587038
0.8161840011499648
1.0566524851234333
0.24046848397346848
0.8161840485438236
1.0566525368488626
0.24046848830503897
0.8161840710260073
1.056652561728344
0.2404684907023367
0.8161840410343139
1.0566525282055403
0.24046848717122657
0.8161840356435665
1.0566525229997106
0.24046848735614404
0.8161839114389228
1.0566523858964159
0.24046847445749317
0.816184063445236
1.0566525536107245
0.24046849016548855
0.816184117783446
1.0566526128432763
0.24046849505983017
0.8161838600087409
1.0566523292866974
0.24046846927795656
0.8161839531078047
1.056652431564928
0.2404684784571232
0.8161839886903719
1.0566524713661887
0.24046848267581683
0.816184058355129
1.056652547876536
0.24046848952140717
0.8161840823614819
1.056652574233705
0.24046849187222302
0.8161839379221489
1.0566524152258407
0.24046847730369172
0.8161840587660305
1.0566525476237663
0.2404684888577357
0.8161840162300801
1.0566525012346426
0.24046848500456255
0.8161840692406469
1.0566525597830752
0.24046849054242833
0.8161841230950628
1.0566526187391798
0.24046849564411707
0.8161840449713954
1.0566525337633046
0.24046848879190913
0.8161840002170817
1.056652483744596
0.24046848352751443
0.8161840793010497
1.0566525707853356
0.24046849148428573
0.8161839987507
1.0566524823906178
0.24046848363991769
0.8161838941648846
1.056652367163228
0.24046847299834342
0.8161841832587607
1.0566526853654918
0.2404685021067311
0.8161839965254858
1.0566524792329959
0.24046848270751003
0.816184081780147
1.056652573425401
0.24046849164525416
0.816183967699473
1.0566524478789345
0.2404684801794615
0.8161840357870538
1.0566525231070416
0.24046848731998774
0.81618403388958
1.0566525210487892
0.24046848715920913
0.8161841274107844
1.0566526238784992
0.24046849646771484
0.8161839426904092
1.0566524202773282
0.24046847758691897
0.8161838936421759
1.0566523662458875
0.24046847260371154
0.8161838651533849
1.0566523351898784
0.24046847003649352
0.8161841653371144
1.0566526654498143
0.24046850011270002
0.8161839720676518
1.0566524525337062
0.2404684804660544
0.8161839652064766
1.056652445210737
0.24046848000426052
0.8161840746087898
1.0566525659301542
0.24046849132136439
0.8161841855189571
1.056652687841723
0.24046850232276593
0.8161841000482417
1.0566525935259414
0.24046849347769975
0.8161839987371934
1.0566524823417536
0.24046848360456027
0.8161840585626996
1.05665254821461
0.2404684896519105
0.8161839670436404
1.056652446729416
0.24046847968577564
0.8161840261821327
1.0566525128584705
0.24046848667633772
0.8161840647289459
1.056652555110111
0.24046849038116494
0.8161839606607254
1.0566524402787298
0.24046847961800435
0.8161839993332305
1.056652482789935
0.24046848345670457
0.8161840282846347
1.0566525150176198
0.24046848673298515
0.8161839046956184
1.0566523788465287
0.24046847415091038
0.8161841258693657
1.0566526222146657
0.2404684963452999
0.8161840815585311
1.0566525736814683
0.24046849212293722
0.8161841228153454
1.0566526189489083
0.24046849613356283
0.8161841141195002
1.0566526095402542
0.240468495420754
0.8161840274478516
1.0566525136925022
0.24046848624465067
0.8161839168780236
1.0566523925679068
0.24046847568988317
0.8161840867312343
1.0566525791105685
0.24046849237933432
0.8161840206582317
1.0566525062875942
0.2404684856293624
0.8161841336417863
1.0566526308520507
0.2404684972102643
0.8161839685325047
1.056652448283581
0.24046847975107633
0.8161839077220253
1.0566523820777591
0.24046847435573374
0.8161840237566644
1.0566525103366347
0.24046848657997014
0.816183919537288
1.0566523947592636
0.24046847522197565
0.8161841670020106
1.056652667374432
0.2404685003724216
0.8161840891106414
1.0566525818263792
0.24046849271573786
0.8161841499818346
1.0566526489893788
0.24046849900754427
0.8161839848891572
1.0566524666081345
0.24046848171897728
0.8161841995236724
1.0566527031895878
0.24046850366591543
0.8161839634373952
1.0566524434356903
0.2404684799982952
0.8161839671814523
1.0566524479124266
0.24046848073097432
0.8161839361876116
1.0566524128655486
0.2404684766779369
Fehler m1: 2.9687507516003406e-06
0.7742496044469833
Initial guess: A0 = 9.013447034045254e-14, m0 = 0.7742496044469833
Initial guess: A1 = 3.002240335823442e-07, m2 = 1.161374406670475
Optimized a0: 1.775281416155492e-13
Optimized a1: -6.170231501424208e-13
Optimized m0: 0.8264772466433965
Optimized m1: 1.0661335000904375
Minimum chi²: 810.5235468353358
0.8264772402713667
1.066133493120019
0.2396562528486524
0.8264771346459815
1.0661333771683792
0.23965624252239773
0.8264771373577807
1.066133380485738
0.23965624312795727
0.8264772114724351
1.066133461539168
0.23965625006673277
0.8264772031752818
1.0661334530355684
0.23965624986028652
0.8264771282035124
1.066133370903605
0.23965624270009261
0.8264772489214581
1.0661335023152376
0.23965625339377938
0.8264772705139514
1.0661335261097022
0.23965625559575088
0.826477161196969
1.066133406330075
0.23965624513310596
0.8264771551978652
1.0661334002002256
0.23965624500236038
0.8264771644856429
1.0661334108528329
0.23965624636718993
0.8264772629751403
1.066133517298338
0.23965625432319754
0.8264771234501539
1.0661333648406144
0.23965624139046052
0.8264769852444083
1.0661332147983147
0.2396562295539065
0.8264770823122564
1.0661333206423869
0.2396562383301305
0.8264771208774406
1.0661333626789251
0.23965624180148445
0.8264770408264823
1.0661332748134182
0.23965623398693597
0.8264770889475371
1.0661333276322278
0.23965623868469063
0.8264772865700524
1.0661335435129746
0.2396562569429223
0.8264771594322269
1.066133404680014
0.23965624524778703
0.8264770355757849
1.0661332694143564
0.23965623383857157
0.8264770744529788
1.0661333120333303
0.23965623758035146
0.8264771957348555
1.0661334444953625
0.23965624876050706
0.826477141755287
1.0661333853126445
0.23965624355735748
0.8264771285110879
1.066133370804553
0.23965624229346505
0.8264771360042625
1.066133379518911
0.23965624351464845
0.8264771886904074
1.0661334362826034
0.239656247592196
0.826477083749887
1.0661333224174219
0.2396562386675349
0.8264771666960171
1.0661334127567323
0.23965624606071526
0.8264771628900403
1.0661334085932928
0.23965624570325245
0.8264771026497969
1.0661333427637105
0.2396562401139137
0.8264771631554535
1.066133408323628
0.2396562451681746
0.8264771709924318
1.0661334170277907
0.239656246035359
0.8264770397252501
1.066133273800887
0.23965623407563685
0.8264771054036927
1.066133345825096
0.23965624042140315
0.8264772324567913
1.066133484174061
0.23965625171726976
0.8264771522687084
1.066133396547507
0.23965624427879856
0.8264771490000631
1.066133393144003
0.23965624414393993
0.8264771525767777
1.066133396932812
0.23965624435603425
0.8264770226494513
1.0661332553987428
0.23965623274929157
0.8264771766228483
1.06613342299381
0.23965624637096172
0.8264771216067412
1.0661333631565948
0.2396562415498536
0.8264772520803522
1.0661335056439223
0.23965625356357018
0.8264770740167176
1.0661333111476272
0.23965623713090975
0.8264771505003241
1.066133394745469
0.23965624424514487
0.8264772111639705
1.0661334607343749
0.2396562495704044
0.8264771976052818
1.0661334457883798
0.23965624818309791
0.826477154724628
1.066133399791555
0.23965624506692695
0.8264770947588327
1.0661333343053516
0.23965623954651893
0.826477183405538
1.0661334312517097
0.23965624784617157
0.8264771220726719
1.066133363714018
0.23965624164134616
0.8264771683910336
1.0661334142512888
0.23965624586025516
0.8264771312386724
1.066133373683216
0.23965624244454356
0.826477031433512
1.066133264662694
0.23965623322918203
0.8264770685322381
1.0661333054606221
0.23965623692838392
0.8264772097981469
1.0661334593619394
0.23965624956379258
0.8264772610473552
1.0661335158582546
0.23965625481089933
0.8264771379152903
1.0661333808713644
0.23965624295607424
0.8264771329773726
1.066133375836116
0.23965624285874346
0.8264772664703677
1.066133521513507
0.23965625504313934
0.8264771253022518
1.066133367803033
0.23965624250078113
0.826476999462127
1.0661332301139945
0.23965623065186753
0.8264770430896635
1.0661332777715091
0.23965623468184571
0.8264771609666839
1.066133406372734
0.2396562454060501
0.8264770915773765
1.0661333305080916
0.23965623893071503
0.8264771170337265
1.066133358056227
0.23965624102250052
0.82647721358015
1.0661334631114916
0.23965624953134168
0.8264771309648898
1.0661333738615524
0.23965624289666249
0.8264771229439934
1.0661333652080334
0.23965624226403984
0.8264771378667696
1.0661333815872336
0.23965624372046396
0.826477078051779
1.0661333158907322
0.23965623783895323
0.8264770893600638
1.0661333279081127
0.23965623854804882
0.8264771373789741
1.0661333807094993
0.23965624333052515
0.8264770456181824
1.06613328044154
0.23965623482335754
0.8264772211554592
1.0661334717392346
0.23965625058377532
0.8264771789074619
1.0661334259078843
0.23965624700042248
0.8264771114968191
1.0661333523594758
0.2396562408626566
0.8264772221067433
1.0661334722245233
0.23965625011777988
0.8264769623233706
1.0661331899571005
0.23965622763372993
0.8264771384614444
1.0661333813496532
0.2396562428882087
0.8264771436217132
1.0661333875767522
0.2396562439550391
0.8264770595109396
1.0661332960916283
0.2396562365806887
0.8264772171933278
1.06613346766421
0.23965625047088215
0.826477078721561
1.0661333162528346
0.23965623753127357
0.8264770917417821
1.066133330796879
0.23965623905509692
0.8264771375579807
1.0661333806906714
0.23965624313269082
0.8264772609600308
1.0661335151093871
0.2396562541493563
0.8264771874965006
1.0661334352192846
0.239656247722784
0.8264771049168653
1.0661333455708522
0.2396562406539869
0.8264773273907057
1.0661335880195
0.23965626062879433
0.8264771307069727
1.0661333730156315
0.23965624230865887
0.8264770660262816
1.0661333028017643
0.23965623677548287
0.8264771926003038
1.0661334409721612
0.23965624837185748
0.8264771445676776
1.0661333886215665
0.2396562440538889
0.8264771550902774
1.0661333998150295
0.2396562447247521
0.8264771378693123
1.0661333815666578
0.23965624369734545
0.8264769588170766
1.066133185707879
0.23965622689080252
0.8264771197153704
1.0661333614783135
0.23965624176294315
Fehler m1: 1.3694317235948646e-06
0.7849743741124094
Initial guess: A0 = 8.402677847076603e-14, m0 = 0.7849743741124094
Initial guess: A1 = 2.8987372849357363e-07, m2 = 1.1774615611686141
Optimized a0: 1.664631969096649e-13
Optimized a1: -5.708068451664674e-13
Optimized m0: 0.8364882860265689
Optimized m1: 1.0751773111430816
Minimum chi²: 647.7772236780572
Fehler m1: 8.072211521375031e-07
0.7953145151409907
Initial guess: A0 = 7.862092050456588e-14, m0 = 0.7953145151409907
Initial guess: A1 = 2.8039422337945176e-07, m2 = 1.1929717727114861
Optimized a0: 1.571514473977346e-13
Optimized a1: -5.505683590043643e-13
Optimized m0: 0.8462617766362136
Optimized m1: 1.0842792142892332
Minimum chi²: 532.8989378324369
Fehler m1: 9.520724607430494e-07
0.8057925972917944
Initial guess: A0 = 7.379501788284754e-14, m0 = 0.8057925972917944
Initial guess: A1 = 2.7165238427602204e-07, m2 = 1.2086888959376916
Optimized a0: 1.4744208608780756e-13
Optimized a1: -5.032047388976353e-13
Optimized m0: 0.8558487376453504
Optimized m1: 1.092769203543819
Minimum chi²: 422.7366448041484
Fehler m1: 3.88347584388209e-07
