2.260121983879406253e+04 2.261937195764572607e+04
5.195346310080080912e+02 5.201877209082194895e+02
1.179639752282510656e+01 1.147107151868521591e+01
3.118110468203584507e+00 2.773953195417790507e+00
4.856771848383917844e-01 1.314962192622724513e-01
3.693438138819306049e-01 1.702884648740952966e-02
3.696930972916450120e-01 1.467292296489749494e-02
3.752790805604837576e-01 1.419379915092026240e-02
3.779377784220269154e-01 1.361321490901988389e-02
3.821735748624153217e-01 1.317497820093790212e-02
3.845565722528094255e-01 1.285580325014958232e-02
3.859036053786761844e-01 1.262692962157545284e-02
3.857744359617020780e-01 1.220546073207101276e-02
3.850499605354013588e-01 1.198703065481107784e-02
3.844583782996219279e-01 1.162577038734566651e-02
3.858245202197296275e-01 1.150294957742058373e-02
3.849533012038605650e-01 1.137710914264773547e-02
3.886957559990233402e-01 1.135953428604295594e-02
3.886192135542680948e-01 1.139357575852609390e-02
3.901896691389125094e-01 1.150201293887636624e-02
3.905827708434119749e-01 1.160318873747659581e-02
3.889033255760132035e-01 1.173328154596764081e-02
3.883263996874552482e-01 1.189798458526257312e-02
3.847248246534292759e-01 1.199347513617461669e-02
3.787322786815738862e-01 1.206163443775714814e-02
3.277059103363086923e-01 1.060178566281452274e-02
3.855823915822070291e-01 1.303625978371576385e-02
