5.179246865672065178e+04 5.183451399921310076e+04
9.080531650007314965e+02 9.084307095918952655e+02
1.311358494933193981e+02 1.309264928276914475e+02
1.014779069207024698e+01 9.846274527875101157e+00
8.753191579167299841e-01 5.555178727907649217e-01
3.623664035719724730e-01 3.588684689483714885e-02
3.420964757472790829e-01 1.422525533426698650e-02
3.488200007671270475e-01 1.382385258273031645e-02
3.535445297195723979e-01 1.346062566034197071e-02
3.586780391139064439e-01 1.316202116893894387e-02
3.620932368433321669e-01 1.295417975302160137e-02
3.640379629448601828e-01 1.286362654381741598e-02
3.649556013356328177e-01 1.257705330924863488e-02
3.642921761233812727e-01 1.248950282125248397e-02
3.646170791148005685e-01 1.221807979572430564e-02
3.663488253717980814e-01 1.220123624276940773e-02
3.651016691038911910e-01 1.219708830598258478e-02
3.689775027933477891e-01 1.232145569857006316e-02
3.699417575281199189e-01 1.243477102234331194e-02
3.724437114476583655e-01 1.260538550073338204e-02
3.752011785462162075e-01 1.286273554911569923e-02
3.723263896134216266e-01 1.308207034684431662e-02
3.723767652881721513e-01 1.336127204924288971e-02
3.691633987116502702e-01 1.357784327372754327e-02
3.630166526654312054e-01 1.369479674331498635e-02
3.140608955157591642e-01 1.206823647598142916e-02
3.628493680443003466e-01 1.458097388232189491e-02
