2.180658681408423581e+04 2.182425045365128608e+04
1.135525034078581257e+03 1.136126005648003002e+03
2.251685949612030697e+02 2.250840804664678387e+02
1.918244139230602485e+01 1.895052017269168942e+01
1.393560999400446088e+00 1.135798585838970309e+00
3.366607827812855280e-01 6.799482919087328214e-02
2.877622995570073283e-01 1.434410354058848237e-02
2.985866156163801133e-01 1.426404883447487427e-02
3.073989651279370738e-01 1.452037886747021937e-02
3.135331690205317989e-01 1.486950053246932808e-02
3.195102653116680402e-01 1.526458567358415265e-02
3.245337682735372486e-01 1.572663048855400120e-02
3.303172566788059039e-01 1.614391250358447605e-02
3.313911536060879515e-01 1.660456643514652414e-02
3.320807918313996576e-01 1.695162116792189172e-02
3.346376405719789782e-01 1.744563808813754877e-02
3.332319781435300610e-01 1.810053105669635551e-02
3.378316898556839587e-01 1.920876732129503384e-02
3.380141417741202026e-01 1.999438904247345314e-02
3.360104630687859029e-01 2.075956181463237127e-02
3.440193646338978173e-01 2.218921183802561106e-02
3.417872780188601078e-01 2.334479859750882361e-02
3.480090015998084096e-01 2.467786968413520840e-02
3.422545118664531150e-01 2.545486106022747802e-02
3.436124568697906945e-01 2.759957897574378399e-02
2.994093044136543758e-01 2.511893764706340376e-02
3.316554542048243959e-01 2.992369309735346330e-02
