2.260491818273316312e+04 2.262312868141381114e+04
5.197810367415116843e+02 5.204366485050203437e+02
1.180565799035666785e+01 1.148016444974770778e+01
3.121527496263519996e+00 2.777031984540699661e+00
4.863604362081310195e-01 1.317118403621589662e-01
3.699782854297326562e-01 1.714730736971954023e-02
3.704431913371256102e-01 1.480355133102362504e-02
3.761573050828142528e-01 1.434402163185979559e-02
3.789398855109909481e-01 1.378722155710613434e-02
3.833059295849526871e-01 1.336937900050510705e-02
3.858157833083483146e-01 1.308178489448994126e-02
3.872874798586078970e-01 1.288141652805923666e-02
3.872780969511489535e-01 1.247503014825250035e-02
3.866708588563556592e-01 1.228032916719245388e-02
3.861967002540936389e-01 1.195662692835884264e-02
3.876893965889581795e-01 1.187342795621493599e-02
3.869341094616673971e-01 1.176909027669190318e-02
3.908171699599173876e-01 1.178017826102762365e-02
3.908615721506999985e-01 1.186995307697051930e-02
3.925629800416171045e-01 1.202076016364344441e-02
3.930805241401656991e-01 1.218091815201015685e-02
3.915119032359848372e-01 1.238298289145970017e-02
3.910525292833676447e-01 1.262091795775226698e-02
3.875460033706601970e-01 1.273914292191805249e-02
3.816280095592639587e-01 1.286845742060427344e-02
3.303140635692143889e-01 1.131808106557486045e-02
3.887718870073694766e-01 1.391518330120092642e-02
