7.640096879975878983e+04 7.646099991547163518e+04
1.797366432325625283e+03 1.798424308662456269e+03
2.161601382035224788e+02 2.160949386233794769e+02
1.698861526402324884e+01 1.678173838679337493e+01
1.259042778033168108e+00 1.025879007406009125e+00
2.935509102111272250e-01 4.855472466322259539e-02
2.642142186632037149e-01 1.357426509305931228e-02
2.774242010788928181e-01 1.410042097096486473e-02
2.857925482210793011e-01 1.467216213235949217e-02
2.913144335448427658e-01 1.522258693722167502e-02
2.972418167598323557e-01 1.581908624051411860e-02
3.026549797609901504e-01 1.651883376663252842e-02
3.089651740309609096e-01 1.706672043519577922e-02
3.075635475303207800e-01 1.778204189897284945e-02
3.096161871251428832e-01 1.867192535368740122e-02
3.168594589678475626e-01 1.931715935267304396e-02
3.126562324763352274e-01 2.043474319020532545e-02
3.144164481061145211e-01 2.186799052164418999e-02
3.177789982003750846e-01 2.265874312084300776e-02
3.190610884680178394e-01 2.344429983972957585e-02
3.319314311787209260e-01 2.518019991344348091e-02
3.260637854895250820e-01 2.590607827298440843e-02
3.334399382476816998e-01 2.727985262977380976e-02
3.321444253503587629e-01 2.783188207679938159e-02
3.271161570403480767e-01 2.810771287781965722e-02
2.799225418002915799e-01 2.421719363051103718e-02
2.964762685204598291e-01 2.615777125696642016e-02
