7.652030618429706374e+04 7.658003547953657107e+04
1.806507161400719951e+03 1.807562822961434904e+03
2.180237965392126114e+02 2.179590020157338870e+02
1.719536889554254344e+01 1.698618343987160628e+01
1.278848887228990483e+00 1.042019278157898521e+00
2.992177842406924526e-01 4.932018444618888747e-02
2.702622476293334297e-01 1.326641705877181290e-02
2.847729737607685441e-01 1.371860069441340965e-02
2.943950847576202734e-01 1.424618931835309847e-02
3.011389170978601149e-01 1.475985201063960590e-02
3.083472050010697130e-01 1.546136441358498224e-02
3.150671762307829527e-01 1.619390845462063619e-02
3.227677193207538764e-01 1.677282857137840991e-02
3.224338680577180649e-01 1.735915175776578043e-02
3.257276885099391617e-01 1.817485626253516687e-02
3.345206432265648289e-01 1.866307834162553650e-02
3.312444151705068451e-01 1.945371239491793317e-02
3.342812051760150061e-01 2.070052508663959914e-02
3.390448259485953075e-01 2.140818639505620222e-02
3.416103336573522165e-01 2.238105542969829817e-02
3.566405846968009885e-01 2.458764842321063682e-02
3.515686800851659521e-01 2.572591531753610702e-02
3.607866478805721866e-01 2.771353614157325701e-02
3.606492514098663116e-01 2.899867905677907740e-02
3.564390605917849286e-01 3.022407520164502662e-02
3.060880647347024031e-01 2.595013115906105033e-02
3.253296799727906086e-01 2.841993799320276931e-02
