2.183448544538279020e+04 2.185245361117667198e+04
1.140122341883994750e+03 1.140755028122809335e+03
2.267054897447868029e+02 2.266302091148416764e+02
1.936678694806885304e+01 1.913385636121471123e+01
1.410844516385963532e+00 1.150084637533353993e+00
3.417788434591131352e-01 6.925836247031515180e-02
2.929449517398057812e-01 1.522265126674264904e-02
3.048048935427660200e-01 1.535124822788527625e-02
3.146686493682521180e-01 1.583427396185698582e-02
3.218355710386467394e-01 1.643846098571366543e-02
3.288780152003985546e-01 1.716270678371306993e-02
3.349726858399413865e-01 1.794825288691073717e-02
3.418851536197503593e-01 1.870138254892275351e-02
3.439452893750376550e-01 1.946095478975040996e-02
3.456142868460971851e-01 2.017900323700306392e-02
3.492385660915267032e-01 2.097762317936313278e-02
3.487334081223644744e-01 2.191050400638853285e-02
3.545249010423279223e-01 2.341173259467127163e-02
3.556974121263589694e-01 2.469661331434692964e-02
3.545668360905927519e-01 2.591770860168850568e-02
3.640220376268092362e-01 2.830329582160658053e-02
3.626604167593294736e-01 3.009622805796111425e-02
3.702833774893016794e-01 3.227392340956471151e-02
3.651677343111180418e-01 3.349340803438093095e-02
3.676305471928704161e-01 3.638033334290880633e-02
3.212236104916197932e-01 3.317952470221678662e-02
3.568032377887871420e-01 3.935408196817479637e-02
