8.241330381490456057e+04 8.244117056530833361e+04
1.452090877184520195e+03 1.452842522435389810e+03
1.436173702046495748e+02 1.440410919557705540e+02
7.978149996278325773e+00 8.378258967435414206e+00
1.958384660710134062e-01 5.991591255190926724e-01
3.615938184639673758e-01 4.596567610733603287e-02
4.072211446779384625e-01 1.308772210942655417e-02
4.128377613743077212e-01 1.233225988798307415e-02
4.127230461165188324e-01 1.178198177706261431e-02
4.155913979231615762e-01 1.149751523549706785e-02
4.164390128623247644e-01 1.124949853160824888e-02
4.172308581370320901e-01 1.113372282551067585e-02
4.157765649604319713e-01 1.076726422135229448e-02
4.143140064336531259e-01 1.063943916996021657e-02
4.127096989363890356e-01 1.028225876182066456e-02
4.145617796394124310e-01 1.020139983945875933e-02
4.129250486990312385e-01 1.002007269237143415e-02
4.165534831213806299e-01 9.986451840250735665e-03
4.163077851296744236e-01 9.928591525686029928e-03
4.180868345565323385e-01 1.005412631041311712e-02
4.170611664174075917e-01 1.002187874991909526e-02
4.160307213118530911e-01 1.004027114107397187e-02
4.156244023165573953e-01 1.009554841964829808e-02
4.120530265786020996e-01 1.011477675807906373e-02
4.051624473399058068e-01 1.008472307401317783e-02
3.505560419873762767e-01 8.903775290227105427e-03
4.176399862897179349e-01 1.104272326766305920e-02
