8.044927657069524867e+04 8.051438682031251665e+04
1.417702249519780480e+03 1.419031264842212522e+03
1.402376464605629849e+02 1.407048828097041167e+02
7.791592928503128235e+00 8.184920353405276572e+00
1.912883272602015350e-01 5.853320870599687531e-01
3.532465111084059362e-01 4.583373292905475876e-02
3.978813813773831032e-01 1.583064523295028836e-02
4.034308675591088966e-01 1.487320519362104847e-02
4.033804470935642983e-01 1.410347805950213675e-02
4.062459885655983483e-01 1.353349982703306968e-02
4.071367984578460608e-01 1.309647474168275545e-02
4.079733390706445362e-01 1.276647345908602828e-02
4.066134890161756665e-01 1.224476312079803182e-02
4.052451290561089325e-01 1.193796298594942268e-02
4.037376736048696735e-01 1.152271635126307474e-02
4.056115133960651042e-01 1.137483996072738077e-02
4.040719056216441896e-01 1.115902894187442880e-02
4.076848852356401154e-01 1.108480942617352458e-02
4.075067301048146406e-01 1.106127907181415210e-02
4.093107568102367644e-01 1.117173086857465268e-02
4.083690622197915787e-01 1.122649996643027698e-02
4.074223918995944493e-01 1.128663748665434743e-02
4.070867279081787360e-01 1.146050403343802995e-02
4.036504368476005467e-01 1.150149099086854830e-02
3.969610696856336607e-01 1.151113670398829468e-02
3.435125443887763197e-01 1.013671756102499204e-02
4.093112018158677201e-01 1.259125862296886847e-02
