5.308332316624606756e+04 5.310151292178400035e+04
9.315177663081494757e+02 9.315180884194021473e+02
1.346448275689059813e+02 1.343792060661295125e+02
1.042865057481358093e+01 1.011529070632894012e+01
9.003501137142735367e-01 5.710409716627330434e-01
3.730622371568101947e-01 3.588934817224201379e-02
3.525091053523866647e-01 1.216440790397865443e-02
3.597588552062664924e-01 1.198022095198525601e-02
3.649577668123799024e-01 1.182726560224126554e-02
3.705882540252567470e-01 1.180984552230157809e-02
3.744515658694901883e-01 1.180159172478868930e-02
3.767994741712607509e-01 1.194330235233714843e-02
3.780872401023229745e-01 1.182860107934139565e-02
3.777375906585058174e-01 1.199179095808701814e-02
3.784127355469688037e-01 1.183796387268697299e-02
3.805501650242121836e-01 1.196702419604116392e-02
3.795939694672446074e-01 1.204750446044563009e-02
3.839668649370955866e-01 1.229085323128600339e-02
3.853147113214087094e-01 1.251488654916377459e-02
3.882676933817429954e-01 1.275933980214040420e-02
3.914922583448181559e-01 1.300186951816252254e-02
3.888402183105468812e-01 1.328058383794539915e-02
3.892407573742712734e-01 1.355213196041914030e-02
3.862271009040553760e-01 1.376468833707423893e-02
3.801360267690113148e-01 1.390210618416958671e-02
3.291658124815154407e-01 1.233140852623436194e-02
3.806410332425070875e-01 1.493320050985254104e-02
