1.170070296119721024e+05 1.170234961785621563e+05
4.854072318232370162e+04 4.854334185935150163e+04
2.726826780436602803e+03 2.724883042793350796e+03
4.597046662594166122e+01 4.414255332500742668e+01
3.317260930918902062e+00 1.765547401765852342e+00
1.569638660729510971e+00 3.435420594189596000e-01
1.191211554955778018e+00 2.964597119595905328e-01
1.029485289321029562e+00 2.901392203341266463e-01
9.381350736127622714e-01 2.817705755288723024e-01
7.872792109006921946e-01 2.802832792115559912e-01
7.218286743329738187e-01 2.801829804540570956e-01
6.788084286834601411e-01 2.792563798128714359e-01
6.875312571582317123e-01 2.725328723436650225e-01
7.226651078823830288e-01 2.698029540507468904e-01
7.098024363151315130e-01 2.638571112111414707e-01
6.366354561357915331e-01 2.648302835222075546e-01
6.292165828893828694e-01 2.637591645931688933e-01
4.783473893602583349e-01 2.639468854147828392e-01
4.544201322368157658e-01 2.630865068511391014e-01
4.044048312864226280e-01 2.663995610735743202e-01
4.039615500004028470e-01 2.659171789109479045e-01
4.603642625850699610e-01 2.684474637708469946e-01
4.625294581664339821e-01 2.700697901546788571e-01
5.622506206191310030e-01 2.723632838029315661e-01
7.280765565626500235e-01 2.715399778224398264e-01
2.195543644245438575e+00 2.393539889223922634e-01
2.928277910339564527e-01 3.015834965915148436e-01
