7.144431139985228663e-02 2.343712233316481985e-03
7.453243160512057486e-02 2.715146039874237905e-03
9.421874593744404558e-02 3.479595568927814405e-03
1.076282192154977280e-01 4.143924573186836754e-03
1.166139391471095604e-01 4.580766265415314731e-03
1.267473170607919253e-01 5.141276643332123863e-03
1.354599289719846111e-01 5.600987206421272416e-03
1.417305100121886985e-01 6.042010075136511164e-03
1.448412503523687778e-01 6.464953069565551082e-03
1.483532114736698104e-01 6.970867808251028988e-03
1.533686323847879562e-01 7.399859905840396566e-03
1.561533552433741201e-01 7.976697684628403923e-03
1.634205029785496255e-01 8.668758475298236899e-03
1.661371563457734457e-01 9.245191624680897113e-03
1.701407351789701039e-01 1.024961531281616024e-02
1.733793127661072409e-01 1.162848280662370608e-02
1.690525525066304269e-01 1.227907469080495410e-02
1.791376179692170667e-01 1.382074825309770848e-02
1.739069190100859807e-01 1.414482798124469011e-02
1.533986924895852366e-01 1.367996150336808596e-02
1.689083815916500309e-01 1.444668470211398457e-02
