1.292161325182298592e-01 2.763679053848409461e-03
1.499116734901922987e-01 3.927966043302589562e-03
1.662051971924290439e-01 4.468249873295054853e-03
1.716922987889842045e-01 4.776314813488203269e-03
1.718074296566364234e-01 4.563026041125307561e-03
1.750442383992532047e-01 4.524755815645844365e-03
1.763963380925585023e-01 4.250144143381446443e-03
1.769091552471977746e-01 4.038879010404668873e-03
1.794431584244210176e-01 3.941120584566640099e-03
1.806323579950767366e-01 3.802911992467094150e-03
1.809946446398520981e-01 3.710010640234310576e-03
1.792608936459429425e-01 3.550825462895876652e-03
1.803942003940233463e-01 3.524240480794136807e-03
1.812584820410645670e-01 3.409309733647523499e-03
1.829459285555603276e-01 3.392605528933952987e-03
1.838813902927929345e-01 3.421142451270123112e-03
1.839546987099455466e-01 3.424871113083770117e-03
1.873309367113888402e-01 3.477343923547827117e-03
1.863561606284221961e-01 3.357292008592244106e-03
1.658613329970571593e-01 2.992167814632030673e-03
1.961926932857981365e-01 3.040567474780576495e-03
