7.149762969373141264e-02 2.344567648308042759e-03
7.452580940899074247e-02 2.709294273829823945e-03
9.413175429308448527e-02 3.444240475117012895e-03
1.074391118426903241e-01 4.070020899743736695e-03
1.163118979541825360e-01 4.445484617220957918e-03
1.263135304077273868e-01 4.974476945378648873e-03
1.348836668594260157e-01 5.380620585331240095e-03
1.410097985249909591e-01 5.771606675649826323e-03
1.439844624026015985e-01 6.200190745323530712e-03
1.473525778231733752e-01 6.782163815336223790e-03
1.522070442986918903e-01 7.195401839108642519e-03
1.548413502057914559e-01 7.828022173483427729e-03
1.619122075313550180e-01 8.392936407636650276e-03
1.644664225047338668e-01 8.872113098053194952e-03
1.682891821648486719e-01 9.738760719834281543e-03
1.713494022824601781e-01 1.053423301340375082e-02
1.669338735727815826e-01 1.124829274908691924e-02
1.767449261501849167e-01 1.238455077937918557e-02
1.714409020579325538e-01 1.234140980123831638e-02
1.510972853458423248e-01 1.143042987697749473e-02
1.662354435058639168e-01 1.156201750044389895e-02
