9.078997787228346161e-02 2.328908484232789042e-03
1.020973661774793179e-01 3.064989469326004443e-03
1.212807505227751215e-01 3.692144668890171184e-03
1.314043907331763905e-01 4.161494750815935423e-03
1.367651934437559835e-01 4.243886118963906967e-03
1.435437800905808026e-01 4.470387519569306127e-03
1.488447105047766006e-01 4.537202254530801546e-03
1.521486268486108850e-01 4.593137003697983500e-03
1.551639348055670609e-01 4.765061698530394241e-03
1.569008142778701154e-01 4.863962917087329141e-03
1.586911892610322339e-01 4.917286031342994052e-03
1.582794113277004866e-01 5.035680530627724763e-03
1.628288443431893662e-01 5.229462613238454634e-03
1.653080395878140096e-01 5.265993369244304466e-03
1.684648631747159842e-01 5.484465137221020137e-03
1.693373544299233979e-01 5.660482471653960346e-03
1.685460381523093965e-01 5.834946299506298811e-03
1.726541738988878194e-01 6.125520629393339279e-03
1.690951121657345568e-01 5.865677498726871129e-03
1.493669597733169596e-01 5.263926915113314488e-03
1.707037577627897318e-01 5.158545296384750567e-03
