9.120775196237304594e-02 2.891540642515887452e-03
9.160097401012676221e-02 3.099776209425973358e-03
1.123832688110897593e-01 3.908734936969417498e-03
1.255005655821031241e-01 4.585499840034375219e-03
1.335748685311050343e-01 4.913179251764674370e-03
1.427251280196290828e-01 5.428329971593025619e-03
1.486205934844018195e-01 5.814112444425017373e-03
1.517945038247596468e-01 6.172942031753034936e-03
1.544574676660550316e-01 6.584783045238076608e-03
1.570617519714488930e-01 7.086030273098962821e-03
1.590161194211395512e-01 7.501831470189158912e-03
1.591414528311697052e-01 8.098655800629402796e-03
1.607968127877205389e-01 8.755950117425885179e-03
1.589032021494295177e-01 9.346555690183042109e-03
1.570353795976808520e-01 1.007607537189520591e-02
1.582020579393227100e-01 1.085165980563923376e-02
1.481088136226830221e-01 1.175021960378929038e-02
1.563255368368155485e-01 1.296693073493772504e-02
1.546480603719812830e-01 1.320083509888502274e-02
1.404829548443104759e-01 1.273935113772191319e-02
1.572018250619743873e-01 1.371087650027093437e-02
