1.080125070094171830e-01 2.437851380343113335e-03
1.234046663687278361e-01 3.397235212402077448e-03
1.420227984804227350e-01 3.986159022550422870e-03
1.504705430810673594e-01 4.381104101339755412e-03
1.536272097117996893e-01 4.329469398075351180e-03
1.587818794546775603e-01 4.422974034983658854e-03
1.621879829624834346e-01 4.307155176559982791e-03
1.642347107296569242e-01 4.226054755212586833e-03
1.672153283435438009e-01 4.227957262665217771e-03
1.688657248692500001e-01 4.165892317831749667e-03
1.698969011925195172e-01 4.131289206284464999e-03
1.685638300406494261e-01 4.049216920145783799e-03
1.710006911865738222e-01 4.136756705090382895e-03
1.725325110601582113e-01 4.096772606837518864e-03
1.749489368462891492e-01 4.185897161088724013e-03
1.761769165438651086e-01 4.397337807490022191e-03
1.758847142602344149e-01 4.465634619803550941e-03
1.794743622043061260e-01 4.669135208180074346e-03
1.777419780395831095e-01 4.638064668796391433e-03
1.580167430464088085e-01 4.298527324618207218e-03
1.835047032777983589e-01 4.462719798726876713e-03
