1.296134149434668426e-01 2.033204850545944267e-03
1.503344622292248911e-01 3.587993965609367029e-03
1.666316816507112386e-01 4.188954829417976949e-03
1.720892231073605505e-01 4.555596470769225116e-03
1.721609618403267816e-01 4.414182872013477053e-03
1.753599615077084395e-01 4.421612469693687701e-03
1.766696982821453488e-01 4.344709499402873640e-03
1.771383896217934295e-01 4.231843356132520932e-03
1.796301238926570620e-01 4.189182033514714937e-03
1.807747198532937416e-01 4.076619096644746969e-03
1.810913690669401499e-01 3.892277735665591789e-03
1.793112200157235825e-01 3.763895812082202873e-03
1.803990975254361750e-01 3.665351551694911395e-03
1.812174477024487418e-01 3.543340731364989695e-03
1.828581412070834633e-01 3.525307425422786502e-03
1.837465577696325292e-01 3.462038026015599578e-03
1.837732093846486947e-01 3.436652129150362823e-03
1.870986700449502882e-01 3.471675760293735109e-03
1.860779150625721245e-01 3.358611703822739734e-03
1.655717006209361519e-01 2.944235226700299933e-03
1.958004422819807078e-01 2.860700408958011861e-03
