9.077665821007714630e-02 2.335897708583042909e-03
1.020983958991168034e-01 3.077254391908325858e-03
1.213009928211321170e-01 3.725022121056140948e-03
1.314469326198197396e-01 4.204116753091760757e-03
1.368309249564320929e-01 4.315354869946115557e-03
1.436352904510897477e-01 4.558277083008086851e-03
1.489629565434318625e-01 4.635612311792896081e-03
1.522933760786085999e-01 4.712013655041593155e-03
1.553359082233780053e-01 4.878461506121557593e-03
1.570993447539367482e-01 4.947418809744828783e-03
1.589169021385617164e-01 5.004483786527804366e-03
1.585293947543476856e-01 5.058876273365176326e-03
1.631115877474119680e-01 5.261290492989725495e-03
1.656210561368836875e-01 5.324654694167327632e-03
1.688103254909860962e-01 5.601612878069735582e-03
1.697112153838929161e-01 6.047157675787673270e-03
1.689446413189777119e-01 6.227695670915356363e-03
1.730896317814339114e-01 6.676291723759050951e-03
1.695481774998803814e-01 6.651528845749511525e-03
1.497906525093341545e-01 6.211768692259302289e-03
1.712148194523041012e-01 6.527209463711465022e-03
