1.080858132069268673e-01 2.428676148419617580e-03
1.234011255158327658e-01 3.379736552522791780e-03
1.419183309839385232e-01 3.948924128609658871e-03
1.502535729414190557e-01 4.335999906264276400e-03
1.532972460048018792e-01 4.266588319484804041e-03
1.583288432803201529e-01 4.345986774950443693e-03
1.616109056217477358e-01 4.228985276926772521e-03
1.635346672349613506e-01 4.135332174606610664e-03
1.663848801250605858e-01 4.143510933261111175e-03
1.679083025898528425e-01 4.086401082823900438e-03
1.688142139584919987e-01 4.038898972935143009e-03
1.673712402388988774e-01 3.970724082684416734e-03
1.696708361429887235e-01 4.033401828044140894e-03
1.710697291985373014e-01 3.954747322473512947e-03
1.733430456646191109e-01 4.005581252905491066e-03
1.744363579424396404e-01 4.076168873834222668e-03
1.740239386968096824e-01 4.132151124265775327e-03
1.774500824492473983e-01 4.233319438972048959e-03
1.756130098259491013e-01 4.072650859764150207e-03
1.560136774787906355e-01 3.612592313720385580e-03
1.810504706692909471e-01 3.418842306053061861e-03
