9.131310114149744639e-02 2.500560207420639888e-03
9.187578753540256993e-02 2.917024254412403737e-03
1.129281687024632080e-01 3.776169803690623394e-03
1.263414773443189143e-01 4.466719586737120766e-03
1.347177018768767331e-01 4.843760950231526183e-03
1.442115331158683178e-01 5.367299822159305768e-03
1.504451481248078593e-01 5.881592359125634335e-03
1.539412059044511782e-01 6.347819669972598437e-03
1.569305114153047020e-01 6.811603970528230106e-03
1.598705833634394002e-01 7.277136040229031932e-03
1.621582001698352593e-01 7.617442454095167161e-03
1.625850936068429509e-01 8.209480600782151360e-03
1.645790251157032702e-01 8.801264684354525789e-03
1.629406110527705509e-01 9.345205110483537775e-03
1.613220910516461881e-01 1.007816775737381543e-02
1.628201329458093816e-01 1.094261868313438357e-02
1.527131804318229147e-01 1.188401307613544920e-02
1.614823979544428301e-01 1.320316061166000761e-02
1.600439939759031316e-01 1.355733149787542377e-02
1.456525791306602646e-01 1.322609345248434987e-02
1.632870609095157799e-01 1.423198629813176609e-02
