8.640324498644309642e+04 8.647294004507051432e+04
1.177558701669457264e+02 1.175855449599831246e+02
6.855509795975683573e+01 6.897402342669296615e+01
4.967265708972117721e+00 5.393627251231136732e+00
3.631320498972278044e-01 1.013580023637188493e-01
4.773316227942960288e-01 2.222200950556186758e-02
5.090080499518412349e-01 2.260485847994295888e-02
5.402799828691420281e-01 2.271873394851890021e-02
5.622027994797663686e-01 2.251016905103539120e-02
5.782468836688510194e-01 2.261274804418567791e-02
5.863707682894315765e-01 2.239050371490163699e-02
5.910768715007573837e-01 2.185491789994808629e-02
5.944309320605316582e-01 2.117261966249122523e-02
6.083549335060675078e-01 2.182105959563424707e-02
6.173210250674306954e-01 2.185207017167299648e-02
6.240587506617431002e-01 2.244728321164161586e-02
6.211381605300134723e-01 2.216220099735944846e-02
6.426367932052051701e-01 2.279668051604761408e-02
6.454923205477770543e-01 2.330533704048378535e-02
6.341828534750673096e-01 2.377676524714266576e-02
6.393390424335749778e-01 2.367080486508290477e-02
6.329764949284985009e-01 2.347667074019769984e-02
6.270583241065356139e-01 2.366455886340694537e-02
6.296199307024251679e-01 2.435576167938571096e-02
6.222842030045204753e-01 2.483193181356238219e-02
5.376139541036756286e-01 2.175566282224699818e-02
3.430774715274510500e-01 3.817241613643143627e-02
