4.546371592799689824e+04 4.549893133142111765e+04
2.570523864186500873e+02 2.570759081446352070e+02
1.238633332023328748e+01 1.263794392329746152e+01
1.640536178546739624e-02 3.086965379195760195e-01
3.864857176168932651e-01 5.551605758972540106e-02
3.588224844823773574e-01 1.924453209666387998e-02
3.894760784693316880e-01 1.986774201725819214e-02
4.264252143822839236e-01 2.075863402559463555e-02
4.584371729345267377e-01 2.153635212520861944e-02
4.762688126432079172e-01 2.277765925798922245e-02
4.869815733965498494e-01 2.419814506681839880e-02
4.962496878561828972e-01 2.502820726118765160e-02
5.012492660001772737e-01 2.537604778801537397e-02
5.247129213384371660e-01 2.734403548715932247e-02
5.410329472623748304e-01 2.916077711238193593e-02
5.488737292382687150e-01 3.009052884843353010e-02
5.521907214359492722e-01 3.171518446393805507e-02
5.813134092723254431e-01 3.501423181790670053e-02
5.919320065162929634e-01 3.684485337627765172e-02
5.664022929067550338e-01 3.808618158606122406e-02
5.841807540644181618e-01 3.887948112449848143e-02
5.717709558270951398e-01 3.922749600645257517e-02
5.645373411840632905e-01 4.228806631007805267e-02
5.641647661208855080e-01 4.386795388088975123e-02
5.664963295406787447e-01 4.584870377170630062e-02
4.889428024918098248e-01 4.169808971195773650e-02
3.475187421161921586e-01 8.539421500780240704e-02
