4.677929242488193267e+04 4.679355003113753628e+04
2.652983272240599035e+02 2.652088060571896335e+02
1.282270901234195115e+01 1.307824686452571683e+01
1.703519027549988546e-02 3.205143093652600417e-01
4.025490244129074635e-01 5.669618602422352160e-02
3.748772889004988729e-01 1.723130836627702334e-02
4.081449455670403959e-01 1.773844094684286568e-02
4.482297342802384343e-01 1.869835022094711724e-02
4.833500465192629991e-01 1.961676361783510139e-02
5.036840926929090356e-01 2.099611327951676765e-02
5.165861669866480543e-01 2.282623206756045908e-02
5.280251919965375240e-01 2.408873975195474290e-02
5.349735357470111197e-01 2.462167584248277016e-02
5.617259153609077682e-01 2.704722363199716165e-02
5.809657998206367857e-01 2.927738659941539132e-02
5.911850611360256469e-01 3.006524253068932825e-02
5.965739202687619924e-01 3.159837196851441460e-02
6.299551817202132531e-01 3.520977237001578219e-02
6.434210832716968920e-01 3.777259592470161298e-02
6.175507014612001688e-01 3.936988297886274968e-02
6.388795898386500083e-01 4.028517871511178017e-02
6.272172765103433134e-01 4.119897097774308931e-02
6.211732534871333700e-01 4.493702330005973355e-02
6.226588800507169008e-01 4.672317559567810974e-02
6.271414118827390860e-01 4.909072097731521228e-02
5.429384378392646537e-01 4.507375809769540581e-02
3.870748156957593000e-01 9.485094571689058063e-02
