3.741768409076879470e+04 3.744805363764255162e+04
8.661514645407950752e+01 8.684944323922189824e+01
7.641305838122320893e+01 7.674042615059120465e+01
5.847886680952407268e+00 6.177351754348717527e+00
1.621724483861142901e-02 3.885515669427492824e-01
3.629513468124370701e-01 3.946116763671170258e-02
4.265501906865107884e-01 2.266357071493758576e-02
4.629794833792404418e-01 2.377073691886493270e-02
4.867005621222349476e-01 2.443058530309469289e-02
5.006518120078338185e-01 2.546206840759918100e-02
5.165845162923360379e-01 2.708041284632837359e-02
5.289611408786055735e-01 2.841626101735992074e-02
5.344040051784866296e-01 2.918676089012059091e-02
5.526007898861169387e-01 3.125898053638448415e-02
5.561799885685528855e-01 3.228464200031670728e-02
5.727275795184589846e-01 3.393279873720368017e-02
5.679574641948682556e-01 3.496901875006529214e-02
5.945096081981640079e-01 3.793680288946205126e-02
6.196511296447112516e-01 4.049337129493119081e-02
6.121487198555333187e-01 4.288850279484190953e-02
6.413939424374558440e-01 4.633688508049599308e-02
6.491878195810049101e-01 4.815472702365446861e-02
6.333467318336556406e-01 5.028860984061959277e-02
6.496457631280019296e-01 5.332569355340393419e-02
6.589783063659239160e-01 5.908120600687859214e-02
5.550710374477573206e-01 5.308184201882264891e-02
4.294164818634462755e-01 8.150587409011361695e-02
