5.073196803834340244e+04 5.077302406505355611e+04
3.359337227131184704e+02 3.363827725605995624e+02
6.591914206120797814e+01 6.628725065232352165e+01
5.017362982755988909e+00 5.394934295799849622e+00
2.870178578333859587e-01 1.298593282114458847e-01
4.308229664643554724e-01 2.132066547378756727e-02
4.698169440652006368e-01 2.219189714847681280e-02
5.056738194083831850e-01 2.284730071779967134e-02
5.310594576034385339e-01 2.320158119333154759e-02
5.480885746875643338e-01 2.379627903221905039e-02
5.557105137823487029e-01 2.398901779938043127e-02
5.590733252247895857e-01 2.401000901236946192e-02
5.669377984770019863e-01 2.375270433030672243e-02
5.855626023046379691e-01 2.496692262807194071e-02
6.054490633908594654e-01 2.580618959816833452e-02
6.157970109632331379e-01 2.721646033298898149e-02
6.106980433867035263e-01 2.753745017447811402e-02
6.348304753108017229e-01 2.925363207268058194e-02
6.406298983466979236e-01 3.050526037162887283e-02
6.198358237596987008e-01 3.119788899762751880e-02
6.297291644549980472e-01 3.177415414251941184e-02
6.215010908096821884e-01 3.243156206804240216e-02
6.193290148493186820e-01 3.410716837089126929e-02
6.185861555326149785e-01 3.574259155789698966e-02
6.078853715963983273e-01 3.716772615991363604e-02
5.279750910508435036e-01 3.302674626189943535e-02
3.332272648317455843e-01 5.524256412246159736e-02
