8.740706702655102708e+04 8.743632663978564960e+04
1.192035265275821274e+02 1.189823488667960163e+02
6.944425720423650716e+01 6.984295801653125579e+01
5.035052653763780306e+00 5.465783968631733991e+00
3.683335250386813864e-01 1.023485273827915154e-01
4.844923437495409768e-01 1.919704245003046178e-02
5.169891226238971793e-01 1.963449018647437511e-02
5.491179946440883919e-01 1.983500194539569370e-02
5.717811656221234440e-01 1.999435743508206839e-02
5.884914888686740841e-01 2.049058140889470012e-02
5.971579802520093905e-01 2.065110990115971018e-02
6.023528064702829976e-01 2.054226704012726210e-02
6.061755512326112427e-01 2.017774497966591529e-02
6.207891150648336964e-01 2.122834384406291353e-02
6.303593095252723044e-01 2.151359152778027986e-02
6.376650632009249753e-01 2.191997085321779892e-02
6.351048085852085689e-01 2.164635840089349644e-02
6.575258321842009090e-01 2.241349570428326568e-02
6.608887452930504169e-01 2.309845771096111916e-02
6.497433083327212033e-01 2.362569082980380680e-02
6.554636157549247333e-01 2.330883761790938924e-02
6.493741399371777412e-01 2.341581009658664364e-02
6.437324282470596737e-01 2.358438933464740775e-02
6.467939674572174003e-01 2.439964963702213885e-02
6.396852153066017177e-01 2.492474031016759725e-02
5.530165300922850191e-01 2.214146795593033984e-02
3.531423676631522124e-01 3.956681187295783830e-02
