5.200317473074976442e+04 5.204453527606113494e+04
3.328507327182068707e+02 3.333802150780912257e+02
1.037972417119764117e+02 1.042970529051028876e+02
7.047888230829618017e+00 7.531233968250884203e+00
2.454689586463205120e-01 2.702317068363332409e-01
5.178630741515806157e-01 2.715579799727040750e-02
5.541116753108001891e-01 2.428029924295534853e-02
5.812634594152065182e-01 2.413043421177428136e-02
5.977862380403400344e-01 2.355795723059836769e-02
6.118632606993711365e-01 2.332810560230885732e-02
6.215418077372648620e-01 2.291869672756070148e-02
6.282795909254332845e-01 2.210058768683375446e-02
6.280150869447899131e-01 2.123859713436592259e-02
6.361071001396145785e-01 2.146195289381274546e-02
6.390866210340907516e-01 2.110294821857715969e-02
6.457291955790473992e-01 2.144828296069269807e-02
6.433921822460514361e-01 2.102950674689964966e-02
6.628239670909097381e-01 2.129670058944532762e-02
6.637424674037332162e-01 2.156654195859007001e-02
6.581248889030620886e-01 2.209614915318086625e-02
6.623570787225536716e-01 2.210321788454659014e-02
6.610995570209013961e-01 2.180792218530419602e-02
6.536870301326629384e-01 2.168422115007509129e-02
6.577196217046925586e-01 2.199085301220338184e-02
6.520918438155758334e-01 2.222068194898128152e-02
5.615833136918656487e-01 1.937219150354093852e-02
3.576671134150297138e-01 3.151790397015620526e-02
