5.068951828388204012e+04 5.073018986213223252e+04
3.353816171876794670e+02 3.358255506732047024e+02
6.575766694431558790e+01 6.612347035973856180e+01
5.001031259543492702e+00 5.377281925902581250e+00
2.858526117329091010e-01 1.293703140932881690e-01
4.287274497387724703e-01 2.089374886413509005e-02
4.671542642035291792e-01 2.163327713445952274e-02
5.024019414369357284e-01 2.209500455198097277e-02
5.271973096603421727e-01 2.229371917281128268e-02
5.436632597028450142e-01 2.278674475245654266e-02
5.507785866492466154e-01 2.277650989167066473e-02
5.536641494561976851e-01 2.258060677344620251e-02
5.609992009429348725e-01 2.226572565593354716e-02
5.789610668606002264e-01 2.332359711776814740e-02
5.981399876466024779e-01 2.375933695964710379e-02
6.078718054687284322e-01 2.481257922938700025e-02
6.023517137141619626e-01 2.488192317357551531e-02
6.256487580015863692e-01 2.619503868020419193e-02
6.308545229494358919e-01 2.708141662864719038e-02
6.098849108140298458e-01 2.769109878323491522e-02
6.191191263026891711e-01 2.759641931776438128e-02
6.105363231144813607e-01 2.777574731991500068e-02
6.079113281292097826e-01 2.889919761853032218e-02
6.066919095896364800e-01 3.014325800763679661e-02
5.957154970945668371e-01 3.125229832983644762e-02
5.169872556736319069e-01 2.767432760012726936e-02
3.260289234954758530e-01 5.299124588015709236e-02
