3.734537727619508951e+04 3.737524960696874041e+04
8.628366210675910963e+01 8.651502927528775899e+01
7.597611562798485352e+01 7.629867195628000331e+01
5.803409684690868708e+00 6.130124974821933748e+00
1.606335041676841199e-02 3.849425556796344794e-01
3.588246339265151463e-01 3.885344820076463285e-02
4.208998362682963568e-01 2.167292932846387118e-02
4.559793136592424356e-01 2.235344448438370338e-02
4.784317805473184415e-01 2.266083761776738204e-02
4.912117460781637024e-01 2.344110944855551035e-02
5.058818685025318063e-01 2.483994609206050322e-02
5.170187293003710716e-01 2.576634555362198459e-02
5.213471333827507381e-01 2.614027177891189643e-02
5.380759301564670416e-01 2.786968328262964464e-02
5.405329846123455573e-01 2.846155490863024745e-02
5.555583982094868256e-01 2.951763310694495088e-02
5.498854265223952487e-01 3.036321493037312524e-02
5.745000283119676698e-01 3.255434577477975266e-02
5.976586376338212103e-01 3.412160891335373064e-02
5.893016791322970294e-01 3.582775636213750281e-02
6.162832513264172585e-01 3.760008575871264663e-02
6.225878658531563969e-01 3.818078618117744238e-02
6.062428106418877860e-01 3.980858376884185978e-02
6.206638572869742632e-01 4.142080547916074384e-02
6.283849018512058793e-01 4.570386347095996282e-02
5.282967869864713117e-01 4.135759018445910734e-02
4.079274117338764216e-01 7.502227999352716059e-02
