5.258738383973320742e+04 5.260433768733187753e+04
3.366892590942699712e+02 3.370867519381309876e+02
1.050252185493534398e+02 1.054916103851581539e+02
7.133371229473558728e+00 7.620428416757733636e+00
2.485194789302218321e-01 2.735283318470576597e-01
5.244533160415187911e-01 2.416295660829980915e-02
5.613286747460984882e-01 2.070076867525167535e-02
5.890077185781859015e-01 2.070351502207047958e-02
6.059292433050411653e-01 2.053678606965586226e-02
6.203808928607327244e-01 2.076638378217435590e-02
6.303799911710221693e-01 2.074187588822543407e-02
6.374014718978688876e-01 2.027185989216077205e-02
6.373209916981688039e-01 1.962989523487357335e-02
6.457232528655956205e-01 2.022972311409685850e-02
6.489391045037953276e-01 2.008168860642794637e-02
6.558774183203469610e-01 2.028346047689412110e-02
6.536963677551741458e-01 1.981602996072085593e-02
6.736379297443547687e-01 2.019047963536848081e-02
6.747703184375657415e-01 2.043048293497153750e-02
6.692566836169542288e-01 2.089763255505041467e-02
6.737590634065284689e-01 2.072918837145119528e-02
6.726781807632632448e-01 2.056552997977562428e-02
6.653319503654032685e-01 2.027708806103371147e-02
6.696337683376876182e-01 2.054721228548776410e-02
6.640998047526601722e-01 2.085315661658799016e-02
5.720932399099732946e-01 1.844901003748151275e-02
3.644682210981252668e-01 3.201283498140335831e-02
