2.280357612299600267e-01 4.904230867154231975e-03
2.609695109933241053e-01 7.632758891750104219e-03
3.042954547358456274e-01 9.626102765652769580e-03
3.161641817870440851e-01 1.006158553922216481e-02
3.284303023509378971e-01 1.038986535437386345e-02
3.321731631245973815e-01 1.062683739720843810e-02
3.489963728400752863e-01 1.117548484288198585e-02
3.497553004745944660e-01 1.139561547961085407e-02
3.526735926783664543e-01 1.145960697367580730e-02
3.655728461833822607e-01 1.161569886160808765e-02
3.724600114336771295e-01 1.151070468880651017e-02
3.797657104500318792e-01 1.142500710566310765e-02
3.864255075480120816e-01 1.146779531694077335e-02
3.895037933188842949e-01 1.131989761422566750e-02
3.926054722179263545e-01 1.108734890307926102e-02
3.922275555942414949e-01 1.089043534985183886e-02
3.926312659937995497e-01 1.059404670606531318e-02
4.016348639145022603e-01 1.068526063148456974e-02
3.959858897758616880e-01 1.034412149745803956e-02
3.994766148347171919e-01 1.024356657540865558e-02
4.050083029692363445e-01 1.027442059783881256e-02
4.024530248717699266e-01 1.017369342334915883e-02
4.011742806243697723e-01 9.910096186866321211e-03
3.981674250681923044e-01 9.794956311878891264e-03
3.910433968713126207e-01 9.450527388186616765e-03
3.415193018588780216e-01 7.948789110745185099e-03
3.930449644330619163e-01 7.709563062193971333e-03
