3.108890238017232854e-01 7.910039715891359000e-03
3.750104130245403011e-01 1.134100681176112603e-02
4.102676603530271415e-01 1.311118847518234244e-02
4.093106751314195546e-01 1.297601287948057028e-02
4.115172995371977893e-01 1.251658015815473000e-02
4.043980934109197567e-01 1.194468743881152602e-02
4.129971628805609307e-01 1.178895419247539232e-02
4.074615271436232700e-01 1.106367883514509411e-02
4.051373985706794301e-01 1.072166793106335385e-02
4.125405678217525796e-01 1.037593467755187557e-02
4.153235070558898290e-01 9.847410908579349795e-03
4.196511322631899521e-01 9.527905486415187350e-03
4.221469058694427012e-01 9.164934767300429372e-03
4.222536119506239416e-01 8.880351443588141783e-03
4.214420622623446522e-01 8.570824603344004422e-03
4.196573327247020702e-01 8.282262260770707415e-03
4.191664720245219522e-01 7.714459091494315496e-03
4.236937488354916015e-01 7.346098267858553604e-03
4.169234652855741685e-01 6.950019823540431151e-03
4.165025585447019174e-01 6.695984000864386131e-03
4.167409980717585727e-01 6.695269300437633325e-03
4.142970658419068419e-01 6.462697668186683821e-03
4.125067807586062507e-01 6.413998619110802303e-03
4.102842103625801706e-01 6.416086196227042092e-03
4.030806321426875782e-01 6.217062690082642701e-03
3.476706228583436031e-01 5.384112823860010520e-03
4.077120879215842542e-01 5.716147390001299899e-03
