2.258245613078012637e-01 6.152954215397402581e-03
2.580352673296233967e-01 8.215004189828961287e-03
3.004040903956697317e-01 1.015446280705078336e-02
3.116334905691229284e-01 1.048567604198271698e-02
3.232181629550711088e-01 1.061516192145360409e-02
3.263909888290865147e-01 1.059967495593776635e-02
3.423856952455283653e-01 1.098365749866593404e-02
3.425942611364715118e-01 1.068771932888559761e-02
3.449131888729146111e-01 1.065290226450414657e-02
3.569701237456054388e-01 1.069668147208931164e-02
3.631271094015584011e-01 1.047813447388667475e-02
3.696713980131384747e-01 1.041361142736402234e-02
3.755666041057276194e-01 1.028525189240340164e-02
3.779670606424711532e-01 1.014618295181415712e-02
3.803817663250617653e-01 9.956906642180683373e-03
3.794220131677705776e-01 9.974011549751162636e-03
3.792192574353459578e-01 9.626961568360122706e-03
3.873093561745579172e-01 9.630175772468099402e-03
3.812653827384199223e-01 9.188505698504937508e-03
3.840255373754882240e-01 9.071691841867016853e-03
3.887350960482636730e-01 9.242010900545979957e-03
3.856790967911193913e-01 9.104115717793726664e-03
3.838531142770406079e-01 9.020969057768312913e-03
3.803809800069853364e-01 8.987479086837536768e-03
3.729916449862313854e-01 8.734346339434345685e-03
3.252448895423377118e-01 7.497088498148499723e-03
3.737305021919421488e-01 7.371475904766148883e-03
