1.424804012997821223e-01 5.820655557739113674e-03
1.537228367881709190e-01 6.522934442220689952e-03
1.915088880290783113e-01 8.610884869860061658e-03
2.086913625160998764e-01 9.698517377386800878e-03
2.251477476536454525e-01 1.058550154901154693e-02
2.350310227722563761e-01 1.138190482088687928e-02
2.538911634472889034e-01 1.261626322203538569e-02
2.587393897890629124e-01 1.322571858056763999e-02
2.629869001477883605e-01 1.400745971036948881e-02
2.790947910507260432e-01 1.533064229528522705e-02
2.865776158432722376e-01 1.625359561028369079e-02
2.940956615669286789e-01 1.724982747160888966e-02
3.015686058759101673e-01 1.801630438109678642e-02
3.051892243348913736e-01 1.882041839244228548e-02
3.118315430611134365e-01 1.983855954718501124e-02
3.105454682356998952e-01 2.091734575872230759e-02
3.086276835691843523e-01 2.178959350762687749e-02
3.178164481094364335e-01 2.347945241773360253e-02
3.143081168452102059e-01 2.374108377118444926e-02
3.209315792986259797e-01 2.483761334915341942e-02
3.306600154814453019e-01 2.708756355833121313e-02
3.221948284057886691e-01 2.817616429791760732e-02
3.207356733647900859e-01 2.913020588043154294e-02
3.139057552837070664e-01 3.002844169909259925e-02
3.030187240519675584e-01 2.971963907722966966e-02
2.713012247043181668e-01 2.663104826129426492e-02
2.997985882093462395e-01 2.968867460307583750e-02
