3.108890238017232854e-01 7.910039715891365938e-03
3.750104130245403566e-01 1.134100681176113470e-02
4.102676603530271970e-01 1.311118847518239622e-02
4.093106751314197211e-01 1.297601287948052864e-02
4.115172995371978448e-01 1.251658015815466235e-02
4.043980934109199232e-01 1.194468743881142540e-02
4.129971628805611528e-01 1.178895419247540620e-02
4.074615271436234365e-01 1.106367883514510972e-02
4.051373985706797076e-01 1.072166793106326885e-02
4.125405678217528571e-01 1.037593467755177842e-02
4.153235070558902731e-01 9.847410908579127750e-03
4.196511322631903962e-01 9.527905486415062450e-03
4.221469058694430898e-01 9.164934767300427637e-03
4.222536119506243857e-01 8.880351443588119231e-03
4.214420622623450408e-01 8.570824603344044321e-03
4.196573327247025698e-01 8.282262260770754253e-03
4.191664720245223408e-01 7.714459091494327639e-03
4.236937488354921011e-01 7.346098267858481613e-03
4.169234652855745571e-01 6.950019823540364364e-03
4.165025585447023060e-01 6.695984000864256894e-03
4.167409980717593498e-01 6.695269300437572610e-03
4.142970658419075636e-01 6.462697668186490399e-03
4.125067807586069724e-01 6.413998619110451022e-03
4.102842103625809478e-01 6.416086196227030816e-03
4.030806321426883554e-01 6.217062690082664385e-03
3.476706228583442693e-01 5.384112823859945468e-03
4.077120879215849758e-01 5.716147390001005864e-03
