2.678474564026340765e-01 4.811861689847870410e-03
3.142765590176160861e-01 8.466685980263129185e-03
3.558732947326382900e-01 1.040024468420454665e-02
3.625815593371741752e-01 1.061050120799587361e-02
3.708583954721504927e-01 1.068338961917211262e-02
3.699185252225101750e-01 1.067021896512522841e-02
3.831439478320053382e-01 1.092332771294590547e-02
3.808490673304137930e-01 1.100518557632555738e-02
3.810169082675140539e-01 1.091855525560204640e-02
3.911266699432197624e-01 1.081140561672111824e-02
3.959704428708503698e-01 1.047614118253548977e-02
4.018570371140473552e-01 1.020163198815093701e-02
4.067077913037975834e-01 1.007391514355920718e-02
4.089908680396714402e-01 9.795433047522499048e-03
4.106550236990265668e-01 9.454800931672726130e-03
4.098880133655112834e-01 9.086472124153864224e-03
4.100746309017029301e-01 8.593406938306397472e-03
4.173478141403254016e-01 8.432461410739841914e-03
4.110329792772624558e-01 8.068909169749838295e-03
4.123170085662677398e-01 7.807320015732845120e-03
4.151225741546802350e-01 7.566617473460576608e-03
4.127904219132331742e-01 7.388596620321646359e-03
4.116298187202637737e-01 7.017282911413030670e-03
4.089292150884284438e-01 6.806613049077580961e-03
4.024922461860563350e-01 6.428987835742980619e-03
3.487490985864473148e-01 5.284578830632863551e-03
4.045792718228937712e-01 4.840707523395705765e-03
