1.670544443609003615e-01 6.026337201920048056e-03
1.833542405095004157e-01 7.124799615867710365e-03
2.244662468562901303e-01 9.223571503815102338e-03
2.410175340225312601e-01 1.012868991463587373e-02
2.575240788866124952e-01 1.079600512235842635e-02
2.659143105712298283e-01 1.136553403718234580e-02
2.835150993765495064e-01 1.224176985936609348e-02
2.867556466557859562e-01 1.255587013758725605e-02
2.890675122030600952e-01 1.305181499206360327e-02
3.034279056238980976e-01 1.393053726451270492e-02
3.092826104507073182e-01 1.449406605410698962e-02
3.155380302599902764e-01 1.504588058249741768e-02
3.235670097381962984e-01 1.542039865053444064e-02
3.299352384720539710e-01 1.577262569080664992e-02
3.406973804140132622e-01 1.634430511645827006e-02
3.437435212742248059e-01 1.702039333127073131e-02
3.446751929660541447e-01 1.741467429653464211e-02
3.547347027104983397e-01 1.834097605366579939e-02
3.488041342008020296e-01 1.837436037131604319e-02
3.504707398236573956e-01 1.886176514491114467e-02
3.562708847096093812e-01 1.994601176835049741e-02
3.512531923866489270e-01 2.060017441894824650e-02
3.525654242963595086e-01 2.123735820782197276e-02
3.501705367472073838e-01 2.118185628258185613e-02
3.469307643360818316e-01 2.118644833073999798e-02
3.049659992543944376e-01 1.904635484159448652e-02
3.363353919430333017e-01 2.025080351875485976e-02
