2.653228784650163985e-01 6.724091675599096381e-03
3.110142889704372027e-01 9.434779120942855465e-03
3.518397724014220573e-01 1.132592666783076296e-02
3.581264712134162864e-01 1.142598857027921945e-02
3.659485284575988429e-01 1.127040471393491936e-02
3.646692553252230962e-01 1.099287005466055567e-02
3.773429306553324758e-01 1.108495370649833014e-02
3.747212514126050942e-01 1.054908809621078053e-02
3.745250365877259568e-01 1.033970438356533565e-02
3.840919596094388710e-01 1.013784384871200574e-02
3.884738001107441718e-01 9.709629364618053635e-03
3.938689285103014193e-01 9.458831511517296411e-03
3.982390241464008884e-01 9.185670590231015051e-03
4.000885411785434775e-01 8.953808590962305733e-03
4.013292569863644577e-01 8.674120175725007903e-03
4.001935439471905331e-01 8.507958158530719295e-03
3.999898231342918775e-01 7.989022955352304348e-03
4.066917489512645312e-01 7.735126181382892367e-03
4.001520685052984416e-01 7.280518432515425964e-03
4.010151929513606217e-01 7.038802673067900278e-03
4.033546854792901537e-01 7.071918099519416967e-03
4.007020333265195466e-01 6.871064402772367186e-03
3.991902647746252697e-01 6.776552611526629605e-03
3.961890166377555200e-01 6.720055430877854181e-03
3.895767140183868937e-01 6.500734954443043029e-03
3.372327504552014577e-01 5.569018244238011991e-03
3.908422082359976346e-01 5.497699384079587567e-03
