1.440332653389523321e-01 5.510399571975743704e-03
1.560631746509377471e-01 6.447317052586602759e-03
1.952564330523659242e-01 8.596283028733747722e-03
2.136856022463295424e-01 9.801999727307239216e-03
2.315222653906842953e-01 1.083604964880515061e-02
2.427195269154951707e-01 1.190553065248453439e-02
2.633185664945909554e-01 1.333151627583152414e-02
2.694950644367947734e-01 1.421777481625801330e-02
2.750912344939084875e-01 1.512770107751968372e-02
2.931897189236306600e-01 1.665608444941490268e-02
3.023386303596780067e-01 1.774528682623796247e-02
3.115977864886339543e-01 1.876062473004506265e-02
3.208826563299119750e-01 1.973869520035171146e-02
3.261246914374578143e-01 2.066804187348752694e-02
3.346485129194246011e-01 2.175166881263618235e-02
3.346943812482425229e-01 2.280411943302063787e-02
3.340507681393189987e-01 2.376523495301029187e-02
3.454684051975425163e-01 2.559653875408665971e-02
3.431167597349290554e-01 2.603941204104608109e-02
3.518464378614701848e-01 2.742193832486611652e-02
3.640631789022380493e-01 3.005477701224815862e-02
3.562607766230190265e-01 3.134686255647529951e-02
3.561648703230364532e-01 3.251737132833841526e-02
3.500720705165474289e-01 3.369221729274183424e-02
3.393766980943305200e-01 3.357376291345798985e-02
3.051537272794203060e-01 3.022003219346583447e-02
3.386498425419247615e-01 3.361233681284560293e-02
