1.670286283447265929e-01 6.050285039873633773e-03
1.832654146886096846e-01 7.176684671276102427e-03
2.242834745275801289e-01 9.322893636735433975e-03
2.407418224800506601e-01 1.027352741088183134e-02
2.571446083264438687e-01 1.100331311261931386e-02
2.654348639432499435e-01 1.158933795655192958e-02
2.829105373048857452e-01 1.254786661319043720e-02
2.860497573192214427e-01 1.280023623734108731e-02
2.882607848997941202e-01 1.328763517118533057e-02
3.024812606754578304e-01 1.418147368760333191e-02
3.082159661471616241e-01 1.471964064441552179e-02
3.143460554404986507e-01 1.519205102087167573e-02
3.222383426424190733e-01 1.550964181738289337e-02
3.284720018369067240e-01 1.577502790879436317e-02
3.390744953344543289e-01 1.615803891517887669e-02
3.419932435465250498e-01 1.667045238523308728e-02
3.428070201383876525e-01 1.701210557393191547e-02
3.526955912204351451e-01 1.766277196484571099e-02
3.466846821186092553e-01 1.738174508169130703e-02
3.482262209495076699e-01 1.789699344755638424e-02
3.538724163962372327e-01 1.923918806254828334e-02
3.487733833855369281e-01 1.980127681901727374e-02
3.499608386005840788e-01 2.065259537743550228e-02
3.474689533634525707e-01 2.132978781594578599e-02
3.441405845851561174e-01 2.145789095311788006e-02
3.024135013971219754e-01 1.994988570418046447e-02
3.334102896192122634e-01 2.143280436281696372e-02
