4.357200085293328473e-01 7.370250869344461275e-01
1.280150464377346031e+00 8.056837107275701682e-01
1.435899817325025696e+00 9.267706447709652684e-01
1.494560699820160377e+00 9.385328810360528129e-01
1.529488693968004354e+00 9.692853514624212297e-01
1.569591290590417243e+00 9.734679672065917888e-01
1.561837875981593404e+00 9.763937262824198271e-01
1.541838012147028758e+00 9.734188039158457872e-01
1.542637113075415511e+00 9.695324628799895095e-01
1.600106603096517865e+00 9.627322678667727951e-01
1.630322846395248604e+00 9.687104102725434540e-01
1.633856021268417669e+00 9.688201566547155474e-01
1.643318920085349077e+00 9.720173729182862710e-01
1.695181513161003739e+00 9.672941847689505712e-01
1.774371249773266213e+00 9.744529205906412583e-01
1.851838786923326818e+00 9.872660418224162848e-01
1.897567590000194926e+00 9.985079643349924483e-01
1.873111194492092846e+00 9.964657022207477066e-01
1.890041420002748218e+00 1.003722176553532242e+00
1.909373489686568615e+00 1.009745763757149639e+00
1.893131368963805183e+00 1.018643295020339457e+00
1.894527730869072002e+00 1.026179318291777776e+00
1.907089518107279336e+00 1.039273334195071730e+00
1.939684305186095026e+00 1.057128489744049826e+00
1.977840024163084243e+00 1.076347954789491856e+00
1.973481265927480965e+00 1.085154904665185827e+00
1.961899424234502032e+00 1.087139414836031159e+00
1.907337139820594496e+00 1.094767429127176506e+00
1.870199849573953355e+00 1.096553680758844740e+00
1.552609133031475963e+00 9.437691551604091567e-01
1.104924959681631513e+00 1.113818951007123692e+00
