5.218281988906905422e-01 1.680679058370361523e-01
1.179976433649168044e+00 1.697092523874141612e-01
1.378525870784926388e+00 2.040975329044318332e-01
1.451272186199782821e+00 2.123297557068262176e-01
1.508839399691862537e+00 2.300029752266633254e-01
1.565993416367049029e+00 2.356888088051498076e-01
1.580440972622201956e+00 2.399306608173175648e-01
1.575453326397994624e+00 2.449776511527456957e-01
1.602476753964963141e+00 2.441667640383115290e-01
1.664267553243365949e+00 2.455881142846718102e-01
1.723703736761399874e+00 2.509265314605215180e-01
1.724265603269646618e+00 2.585279661335023182e-01
1.749820225531298679e+00 2.680050533889650199e-01
1.812705208681680835e+00 2.702799766963484562e-01
1.923999106158255312e+00 2.725318467454230786e-01
2.024356089585107821e+00 2.894618592997777462e-01
2.083781160908627861e+00 3.015327025903594138e-01
2.058142934573123028e+00 3.101518862278760391e-01
2.114201591865525476e+00 3.245084240286800759e-01
2.159807222643777447e+00 3.398111283037913988e-01
2.179217100868776402e+00 3.522367832969033330e-01
2.177653808483233977e+00 3.604654706669095932e-01
2.185787194907589104e+00 3.765025880535795011e-01
2.229818750430471841e+00 3.958945663423266703e-01
2.324301666035823555e+00 4.142898092738898086e-01
2.367165614885945679e+00 4.237215666283554727e-01
2.389959306895149460e+00 4.305309971031761052e-01
2.380322049948238927e+00 4.406189626358893441e-01
2.389661025950366113e+00 4.454276555118094061e-01
1.995156467765669905e+00 3.884133364719268289e-01
1.713174214568094600e+00 4.690345515314490177e-01
