7.336394374488735048e+04 7.337551175850944128e+04
1.699460556263434000e+03 1.698023546414249040e+03
4.817623017421670539e+01 4.680897764883947332e+01
2.369895782983643784e+01 2.494150902123747215e+01
1.185489796607321233e+00 2.323642647852644405e+00
9.799337923904563041e-01 1.069729086299243265e-01
9.687685616097403418e-01 7.315530351967450273e-02
8.949906902904966044e-01 7.628800399911600527e-02
8.129066364826389446e-01 7.977614573420452326e-02
7.433751415202515256e-01 8.502582775571801421e-02
7.065053162859210589e-01 9.026451359626362636e-02
6.809179082561533924e-01 9.432388611425773783e-02
6.525233782970479846e-01 9.926489507712654703e-02
6.523668508521253129e-01 1.038463076732166063e-01
6.484141802400029686e-01 1.081361713918510825e-01
6.256072186518123468e-01 1.135884407685048003e-01
5.893578123460539997e-01 1.173426917607145459e-01
4.969702104388143971e-01 1.247839417438363213e-01
4.478932820105714363e-01 1.320340299626396319e-01
4.416111254540605602e-01 1.399377137759325318e-01
3.984755234342700070e-01 1.482561913783717600e-01
4.317441446564467822e-01 1.576275331300299176e-01
3.843787411152820299e-01 1.684089288371468929e-01
4.094567027489398603e-01 1.765632589997027657e-01
3.838609343103205340e-01 1.916802751336481869e-01
7.042437732868910283e-01 1.732011233485147295e-01
3.144479435924881217e-01 2.192204225668075157e-01
