3.564411328821071923e+00 3.809516939412560532e-02
3.507515212666046711e+00 4.682879428992457738e-02
3.158517637647018539e+00 6.169556138242807131e-02
2.904110890526837796e+00 7.205670704537481264e-02
2.701208295048057373e+00 8.181575677534098923e-02
2.570349981361728542e+00 9.077544299105327896e-02
2.483957613977290979e+00 1.000822417345870741e-01
2.406957861030324608e+00 1.108627971805023482e-01
2.342567480802295599e+00 1.182784507728328743e-01
2.357394532996393011e+00 1.279785512618972498e-01
2.296477567786507468e+00 1.387606544962352861e-01
2.216364562103430469e+00 1.479116674130878384e-01
2.163601948983870038e+00 1.564127347725204065e-01
2.077434545939827348e+00 1.675668499813857681e-01
1.988684014944900769e+00 1.777989447897729558e-01
2.025235055133924433e+00 1.883766122480414196e-01
1.995834548414897380e+00 2.040009894497614995e-01
1.994464495664192816e+00 2.115822558284995158e-01
2.033368142785525468e+00 2.229977125344991262e-01
2.476527184478372945e+00 2.025225673596353082e-01
2.097993384899711433e+00 2.311041192215460838e-01
