3.231823221895203102e-01 5.392647324503310052e-03
3.721989586846407017e-01 7.685146111250914201e-03
4.255742183767625142e-01 9.513284628869392648e-03
4.336102918016353502e-01 8.983841943621662801e-03
4.473769331488918199e-01 9.144096768602158476e-03
4.528818546369477449e-01 9.653617498187189172e-03
4.581409681345315899e-01 9.970768928350321608e-03
4.587261456745344024e-01 9.599736674408434686e-03
4.609139149506762956e-01 9.668403242809268244e-03
4.615469272474677087e-01 9.260389477975149858e-03
4.675134913994120622e-01 9.238543958089874900e-03
4.691757219033085846e-01 8.803782612705115390e-03
4.714545187195835485e-01 8.598061349117499391e-03
4.691151668279401332e-01 8.271539198742711152e-03
4.723010301393281152e-01 8.050770453933729642e-03
4.740576796043573515e-01 7.673852995811939089e-03
4.754951955698106802e-01 7.210496762836139141e-03
4.726398791989989134e-01 6.948473138020838831e-03
4.749469656321140265e-01 6.578230365439507663e-03
4.760339982105348811e-01 6.535662120766142121e-03
4.764701184599289818e-01 6.703309217661042145e-03
4.741570151980703529e-01 6.550876376667615249e-03
4.731623328430229480e-01 6.710326916732514517e-03
4.728077171134502654e-01 6.758767610237786244e-03
4.752486501783272921e-01 6.837443556746393251e-03
4.733064472423474944e-01 6.757231996077853707e-03
4.679247031624186870e-01 6.652947214704200800e-03
4.628989976937193385e-01 6.377460106353763196e-03
4.577184932095674230e-01 6.311695579398903834e-03
3.881122319322702352e-01 5.195854289054085973e-03
4.480040659037730633e-01 5.378495436147517038e-03
