2.308925211918949338e-01 4.921782239554930126e-03
2.471910097225129832e-01 6.243089912495437994e-03
3.012282437884898356e-01 8.282652367919142791e-03
3.191214887044721005e-01 8.684033454377093966e-03
3.403200729463138341e-01 9.105755092154877578e-03
3.533567058716095555e-01 9.685507951254813952e-03
3.656659334686792051e-01 1.031991050039198290e-02
3.732977878306995567e-01 1.048819162920960196e-02
3.818218633299964582e-01 1.066026288763178079e-02
3.886261942244155221e-01 1.085683213330909842e-02
4.000061903122602569e-01 1.108221595707243809e-02
4.055502346577088413e-01 1.132857864114045557e-02
4.098176579824566734e-01 1.138106191832483245e-02
4.118621988554017621e-01 1.137844154825977047e-02
4.194639250480791115e-01 1.151835256090692761e-02
4.246471401044880079e-01 1.165681950482228176e-02
4.283490960799833380e-01 1.157986909465197507e-02
4.281975084993960290e-01 1.155964747693594662e-02
4.325817754344937760e-01 1.161640326261214294e-02
4.349654534683242146e-01 1.160322318438925318e-02
4.374339811937463796e-01 1.194248648463504259e-02
4.350006227356970068e-01 1.198033875522631908e-02
4.350204049412801921e-01 1.252994092352574876e-02
4.361787191115309992e-01 1.297041708061372374e-02
4.419122155591753698e-01 1.335591298909271155e-02
4.425020994946641806e-01 1.292647751884381732e-02
4.371584959207528986e-01 1.287883803252681987e-02
4.354574876351077206e-01 1.326352588582866213e-02
4.297485370029027196e-01 1.252195474114164639e-02
3.606373305351104341e-01 1.041074731504398887e-02
4.114740702300593855e-01 1.085790624606513405e-02
