3.522747559396438577e-01 5.952757516157118275e-03
4.143185698773858006e-01 8.563717852363971275e-03
4.645736379486644640e-01 1.031462081986088235e-02
4.683462392346790515e-01 9.533860792688220523e-03
4.790075325223117075e-01 9.728262679632494053e-03
4.816667599504902975e-01 1.022531953689376737e-02
4.845155554726925384e-01 1.049805787168646073e-02
4.829709307007466479e-01 1.001937249993022951e-02
4.832946572052974066e-01 1.011209757134675161e-02
4.821493849934775366e-01 9.545045639001995680e-03
4.866076558345283076e-01 9.510150848570191745e-03
4.869577432809529816e-01 8.924669039214641608e-03
4.884112300877792023e-01 8.708518205088026584e-03
4.848593725301117430e-01 8.281850315280142594e-03
4.869133456047415875e-01 7.979429532370128572e-03
4.878594461870323640e-01 7.520758553243139452e-03
4.887102762867027161e-01 7.055811344228190597e-03
4.852759406074632076e-01 6.782577985687782834e-03
4.870274864062467679e-01 6.470050547872454628e-03
4.878852558892669555e-01 6.430783989363452954e-03
4.878091082859521976e-01 6.559823511530257605e-03
4.855457102216620413e-01 6.408662558329086822e-03
4.843036211577233519e-01 6.566587669282835348e-03
4.834912502663846201e-01 6.456087411977466141e-03
4.854143411915176065e-01 6.546191878104366813e-03
4.827158803595932302e-01 6.504757538535255353e-03
4.772945451586831922e-01 6.441521384617295877e-03
4.719922484774908278e-01 6.010605195867341037e-03
4.666251903344729168e-01 6.059005847793843061e-03
3.960303079319335007e-01 5.049568214800838513e-03
4.590941702899773436e-01 5.304009767387354336e-03
