3.545116503217942694e-01 1.112855770475861504e-02
4.164324465216352467e-01 1.392566195569842034e-02
4.663649421422317864e-01 1.554289630818017284e-02
4.695691352997360402e-01 1.534410486119089888e-02
4.796627807659111786e-01 1.560963916364994063e-02
4.817275969665569257e-01 1.658857448616191110e-02
4.839759122359161836e-01 1.619717648240610527e-02
4.818348258518855842e-01 1.618491194971703739e-02
4.815599501127683091e-01 1.628137341407192434e-02
4.798231041713394429e-01 1.614883216020743598e-02
4.836594175345806934e-01 1.602925693275559366e-02
4.834072497907607735e-01 1.561143420253404551e-02
4.842489599226184049e-01 1.555877599911520415e-02
4.801313043935829250e-01 1.533949890861615109e-02
4.815673983306359984e-01 1.561836835361517239e-02
4.819048425244283340e-01 1.549779804501012076e-02
4.821467185687849377e-01 1.589427289710686544e-02
4.781648814053999219e-01 1.592286042026566303e-02
4.792957309012743083e-01 1.629839064429547749e-02
4.795445442778606959e-01 1.654945890660851002e-02
4.788751907729840163e-01 1.728770199259009946e-02
4.760622299270414470e-01 1.751247799996841562e-02
4.742556281791541206e-01 1.797315296548836205e-02
4.728730555496097887e-01 1.830662506031968326e-02
4.741652520461955289e-01 1.892978024090675657e-02
4.709446636790350915e-01 1.915703695146534977e-02
4.650781507448291663e-01 1.952107326062449758e-02
4.593413097702254144e-01 1.980273188827305283e-02
4.535550328142465837e-01 2.007767107453075836e-02
3.844602163115150573e-01 1.743040571816033626e-02
4.451290444228268584e-01 2.081657447170763217e-02
