2.986542004393553662e-01 9.803080923908484914e-03
3.369335013405208579e-01 1.179935734982052661e-02
3.919061249992628060e-01 1.380571744452950209e-02
4.031144035059130437e-01 1.410875646108986775e-02
4.191190666851221103e-01 1.463026675145782766e-02
4.267477141506371696e-01 1.581856581506361006e-02
4.338051189686847886e-01 1.571121197746445583e-02
4.360162953503450289e-01 1.601375775779619037e-02
4.394908588237718683e-01 1.632167767625534657e-02
4.414344498458619981e-01 1.658088611914786820e-02
4.483806313693153855e-01 1.673600652405286479e-02
4.508613480063928813e-01 1.671966947104702034e-02
4.533800443058225715e-01 1.688398149602346118e-02
4.518383988643794313e-01 1.698227362697608128e-02
4.556861151265998999e-01 1.752270637889434199e-02
4.578696596252906370e-01 1.760774890718617980e-02
4.593822015187423724e-01 1.801481630823721994e-02
4.567411911129745650e-01 1.836365481326519139e-02
4.591644365702127195e-01 1.883609597730882129e-02
4.599371279653641231e-01 1.925274833496690846e-02
4.603959997800058934e-01 2.024847456946266347e-02
4.576296346282208716e-01 2.065299150445200349e-02
4.565473148245989821e-01 2.125888578323229666e-02
4.561919589005397069e-01 2.170060179826549182e-02
4.587077712463810131e-01 2.244210847453013621e-02
4.569519827633042874e-01 2.289333972005216586e-02
4.513081562613100450e-01 2.326561605803272037e-02
4.462392536602735604e-01 2.374471090100258724e-02
4.405387690320897165e-01 2.406277317673154517e-02
3.726240477589896627e-01 2.102280078243443789e-02
4.282444939808893181e-01 2.476814442125697957e-02
