2.318348754007805157e-01 4.766448143903883120e-03
2.484830809549700148e-01 6.274617749164240754e-03
3.031482677170316276e-01 8.360716739101489020e-03
3.215220037397962249e-01 8.916523792535839890e-03
3.432712768430787320e-01 9.291903120029348234e-03
3.568276392878856895e-01 9.909886333566287134e-03
3.696791019929490107e-01 1.050245888784204391e-02
3.778253246057745041e-01 1.078623778454476483e-02
3.868937284891919015e-01 1.079813875847748794e-02
3.942377578216883505e-01 1.111707910629889350e-02
4.062450742975426965e-01 1.124828259777938683e-02
4.123455407147693652e-01 1.145987386606399372e-02
4.171599067366457136e-01 1.137648008627182954e-02
4.197194332220339774e-01 1.132224003734061055e-02
4.279539208311323173e-01 1.136184701454585888e-02
4.337363757305206513e-01 1.152681213192816023e-02
4.380167785349375897e-01 1.131264015154333918e-02
4.383613718063338882e-01 1.138591477096623401e-02
4.433549987977901119e-01 1.138465515089681114e-02
4.463066985365065631e-01 1.157194647442990471e-02
4.493517182712409297e-01 1.194189085114960927e-02
4.473619238979100743e-01 1.218349894892466374e-02
4.478927333066744509e-01 1.256556050202254325e-02
4.495977304408715902e-01 1.331237283984951919e-02
4.560273536674724348e-01 1.356586983690545416e-02
4.571571028070731679e-01 1.306396887744349679e-02
4.521518463126863452e-01 1.290638200150362458e-02
4.509063977999473449e-01 1.327903611043568591e-02
4.455026493719311254e-01 1.239697929599641035e-02
3.742844749425367490e-01 1.052766534437911232e-02
4.275322254761593221e-01 1.066521344507738445e-02
