2.506157125605695257e-01 4.929123534426046484e-03
2.726033115194466672e-01 6.486773380152043890e-03
3.276428853730754542e-01 8.495426730515872119e-03
3.437932968267205514e-01 8.666768348525789867e-03
3.637515630309008929e-01 9.006809723688185068e-03
3.751767797300032958e-01 9.534315646199893746e-03
3.859782833167890170e-01 1.005621908639419033e-02
3.918656435175042474e-01 1.013653779560330301e-02
3.991361750169659106e-01 1.022742281598769745e-02
4.044126943659281936e-01 1.027364708599775092e-02
4.146762541185973761e-01 1.035465431263694891e-02
4.192317027374627414e-01 1.042444846524722898e-02
4.233357154629570074e-01 1.040831427940545374e-02
4.243554827568754573e-01 1.032489493829226966e-02
4.310582086375264743e-01 1.039767945063260236e-02
4.356105490473290986e-01 1.037114525121764913e-02
4.390160470483736033e-01 1.018913877744171553e-02
4.384114113314331873e-01 1.002238838561648158e-02
4.427025024763004413e-01 9.925499134555511652e-03
4.454399581656399154e-01 9.912945213765107441e-03
4.478753801428492221e-01 1.028631653507641221e-02
4.455316897452746283e-01 1.017115997682586058e-02
4.453946131538405462e-01 1.054543224583833969e-02
4.461972565668852475e-01 1.084156525001924928e-02
4.516679090647417461e-01 1.118959634361663472e-02
4.522826330255481642e-01 1.075243573974859340e-02
4.469462373215216111e-01 1.076874173049024302e-02
4.448567679037744305e-01 1.087319217291390396e-02
4.412701780265818052e-01 1.066322794808890161e-02
3.714604424339037481e-01 8.692050446540807579e-03
4.244523867564634623e-01 8.727898145254148546e-03
