3.243869131749536061e-01 5.143755945144170248e-03
3.737257725098203087e-01 7.831237552573325211e-03
4.274795773936109211e-01 9.725397857822134715e-03
4.357142959805119231e-01 9.411541379650044739e-03
4.497156307306283129e-01 9.438459667609179482e-03
4.554193526347127818e-01 9.823687885201045494e-03
4.608799946059800035e-01 1.006303395116951889e-02
4.616410164331080646e-01 9.776033184170460077e-03
4.640159197840399985e-01 9.598877144917196749e-03
4.648267274226184909e-01 9.259850788441133587e-03
4.710115346826280192e-01 9.211193497240487832e-03
4.728627375781219722e-01 8.832201928939582836e-03
4.753369011986626758e-01 8.611243776128641586e-03
4.731549292559530384e-01 8.223185145961823400e-03
4.765461378098828082e-01 7.907614562627401575e-03
4.784972150227596033e-01 7.600503633569311371e-03
4.801274406342353473e-01 7.149095833707335215e-03
4.774225454737402452e-01 6.949345493512505169e-03
4.799321518744111836e-01 6.590271944927788769e-03
4.812102458743378053e-01 6.612924329864512500e-03
4.818309917068772652e-01 6.763433979952191560e-03
4.796709401232795433e-01 6.740028690404839540e-03
4.788434587068142179e-01 6.876781678867138065e-03
4.786632859434721832e-01 7.073212550345939556e-03
4.813141395529047517e-01 7.152206799449986607e-03
4.795261716071553826e-01 7.051658032671503235e-03
4.742507593743813810e-01 6.994555258708979109e-03
4.693323266199619925e-01 6.719628787169292482e-03
4.642531449045928515e-01 6.620374621342734259e-03
3.938001632682940345e-01 5.451067786795085225e-03
4.547395038883340068e-01 5.557111986479257651e-03
