2.966998148165722049e-01 5.060540696621648044e-03
3.350135063447696737e-01 7.077710771520902798e-03
3.900045246431975143e-01 8.962758267936125900e-03
4.014998467224766276e-01 8.689976588916879102e-03
4.177956937941484372e-01 8.847932250767446063e-03
4.257623142817447692e-01 9.364639322482137471e-03
4.331717843368408927e-01 9.733238812367032977e-03
4.357502866551714038e-01 9.465839842691951139e-03
4.395965552811465504e-01 9.518224414183294041e-03
4.419164114407807542e-01 9.270690889557304387e-03
4.492522128009986404e-01 9.278275239100250774e-03
4.521222281113914110e-01 9.017723587563976698e-03
4.550349216560470311e-01 8.829364041059637597e-03
4.538736149700445810e-01 8.596742419365732343e-03
4.581282464635661467e-01 8.449389845165583210e-03
4.607152770250637630e-01 8.173887419924663958e-03
4.626306319323784111e-01 7.745484264249905340e-03
4.603624300123717039e-01 7.523497921850755971e-03
4.631987838453676676e-01 7.168521034500253963e-03
4.643731588432344348e-01 7.127755429981272317e-03
4.652320813458996618e-01 7.324991164887978586e-03
4.628302402517474046e-01 7.216835068173771753e-03
4.621286065167526380e-01 7.411998098452368157e-03
4.621619204887102983e-01 7.599891717321509595e-03
4.651061739057883448e-01 7.662259294707408040e-03
4.637202336420764293e-01 7.514800940566290950e-03
4.583826125552013520e-01 7.376977042873397380e-03
4.536200028798025308e-01 7.278422046423491457e-03
4.482063794330514162e-01 7.022370217689265920e-03
3.794322596476731313e-01 5.774227872331539300e-03
4.364400874729069124e-01 5.947608094509108934e-03
