2.506971522460414437e-01 4.927668302770534837e-03
2.728681190605610207e-01 6.506170031971119684e-03
3.281730981762194799e-01 8.498344080460587535e-03
3.445721757457768097e-01 8.686645941333189999e-03
3.648112595046358875e-01 9.038717108112244783e-03
3.765129189768822715e-01 9.645119568031152238e-03
3.876032112409552033e-01 1.016557392746003652e-02
3.937696596476891187e-01 1.030380170564488065e-02
4.013347062378043173e-01 1.039166239525578933e-02
4.069030746530494236e-01 1.047948625462667878e-02
4.174994657278717769e-01 1.055517076567473976e-02
4.223586952093949520e-01 1.056742441309392599e-02
4.267689337331277422e-01 1.047404556274629008e-02
4.280734282447193340e-01 1.037024579070192770e-02
4.351158844701147888e-01 1.039562170305032701e-02
4.399952336687074084e-01 1.032593809562725937e-02
4.437215728960757777e-01 1.006326001881354890e-02
4.433968095683574751e-01 9.888479063217095119e-03
4.480260396025484426e-01 9.720938930196492897e-03
4.510877334524142634e-01 9.775264838870548201e-03
4.538471364548848919e-01 1.020562552547028302e-02
4.517639531348229820e-01 1.012199311335696371e-02
4.519168145107538836e-01 1.044638893697301917e-02
4.530237818942697281e-01 1.086307688456384507e-02
4.588744806097852513e-01 1.119543952594399469e-02
4.597959567050671215e-01 1.086810597449585497e-02
4.546645427162873676e-01 1.081368732571904266e-02
4.528314364180464069e-01 1.087865587688931386e-02
4.494708277782613060e-01 1.054246160174925236e-02
3.786082461945482480e-01 9.098157471640713409e-03
4.328994583288329756e-01 9.184012281632351199e-03
