7.090260266256315225e-01 1.606972638074710691e-02
2.209868398210430851e-01 7.807984880211906419e-03
3.139576999739751573e-01 1.013656882212259948e-02
3.521860203040116932e-01 1.149112779530580934e-02
3.772065719086736824e-01 1.220199073113744509e-02
4.095067663289976845e-01 1.288568211775364784e-02
4.325830108347380465e-01 1.349818467633874183e-02
4.416203490414917776e-01 1.352238166903097297e-02
4.499810532310180577e-01 1.365688678313052920e-02
4.537952241706536549e-01 1.397181459159285016e-02
4.535637373008697959e-01 1.345224290692835327e-02
4.634622487364031262e-01 1.360710910169192489e-02
4.802765140822956025e-01 1.387826806915452849e-02
4.873559383399347356e-01 1.416291073093805045e-02
5.035091157922790828e-01 1.472410169860613460e-02
5.093915201329174414e-01 1.494197092722956630e-02
5.037369031350799053e-01 1.540338894442820974e-02
5.120313527882368598e-01 1.587118661453267715e-02
5.119514166892946694e-01 1.548756077504955843e-02
4.582936125642725900e-01 1.367837129193160556e-02
3.047349067329672145e-01 3.104236745169041897e-02
