5.226456030568132904e-01 1.685219223831702778e-02
1.488626604359878369e-01 6.547017149728223337e-03
2.266801611173345221e-01 9.146616301312684646e-03
2.689324102728219423e-01 1.115632890109711367e-02
2.976380689803007629e-01 1.241252224931275842e-02
3.319799313461236356e-01 1.415048062799879533e-02
3.534751970134739629e-01 1.543420635262635066e-02
3.671744001286713632e-01 1.669652688042349079e-02
3.905009074643822631e-01 1.837667678526017090e-02
4.037610325454867866e-01 2.025132657096924763e-02
4.219640696865141760e-01 2.118435317776033028e-02
4.410652747845137944e-01 2.252297023126176648e-02
4.750496739888470654e-01 2.442946578594611118e-02
5.008948609122381157e-01 2.605856622091413596e-02
5.246701901371794152e-01 2.816398043649958813e-02
5.382907992570603595e-01 3.106672373835666842e-02
5.164124837929755518e-01 3.364152581579087781e-02
5.295451207649648495e-01 3.756013869030374458e-02
5.380052137047908190e-01 3.826516860227160977e-02
4.614647905999401112e-01 3.727042998477735763e-02
2.634597641543153235e-01 7.073365430266013998e-02
