6.157635071116916992e-01 1.802062115533247313e-02
1.814468432556442801e-01 7.138453752227702336e-03
2.691283268478050772e-01 9.867581430758774405e-03
3.078545586160336689e-01 1.148284095911481471e-02
3.357681908071687427e-01 1.264216205350442851e-02
3.703140107339088494e-01 1.357209026839108559e-02
3.980021821547357619e-01 1.464617331922526099e-02
4.176700985999600713e-01 1.555935657745535598e-02
4.250159191701365913e-01 1.622123254171192047e-02
4.301034397588682778e-01 1.695711941585832661e-02
4.330024670194926317e-01 1.718884283445253069e-02
4.442635489407439908e-01 1.813759949459319010e-02
4.565499918526248480e-01 1.928163800759899113e-02
4.623485507558663943e-01 2.013396935717904138e-02
4.828704233303691695e-01 2.150234800423116155e-02
5.009301652411859429e-01 2.329895069899441673e-02
4.882863133126794652e-01 2.402313238159937622e-02
4.914321801194051487e-01 2.531855564669800371e-02
4.766145776500648745e-01 2.487332472441237605e-02
4.219056775893276767e-01 2.310716528413458287e-02
2.485500054327001718e-01 4.480968065042420512e-02
