8.119638347148721014e-01 1.941055728509072029e-02
2.687057750255381072e-01 9.495823895057542430e-03
3.649625217341632699e-01 1.184877300063609529e-02
3.988570255970527167e-01 1.294776276762962634e-02
4.186072102195818045e-01 1.337701256268393132e-02
4.446590472404309269e-01 1.391664957209200366e-02
4.613486902172314608e-01 1.405469346502007805e-02
4.612292369525781144e-01 1.355781070009773673e-02
4.744978589378714973e-01 1.351626044394095560e-02
4.785879858400498565e-01 1.353455928757261659e-02
4.791624642778083976e-01 1.287114849661792279e-02
4.902990402408791137e-01 1.265819877997196100e-02
5.071621585453548464e-01 1.247636754561948919e-02
5.113396243945493858e-01 1.242934998969397881e-02
5.217721297297041039e-01 1.244309695623395211e-02
5.215819193551354260e-01 1.248596682482482761e-02
5.197152014005398390e-01 1.252329958307260571e-02
5.301495366738161463e-01 1.247307633682046002e-02
5.362609080486882007e-01 1.217022986465353049e-02
4.779000561907759681e-01 1.043439299836673370e-02
3.084674732212236981e-01 2.589545872146768735e-02
