4.638677985510590851e-01 1.271253302522426347e-02
1.264547438751291719e-01 5.554287472299732943e-03
2.000779894389031477e-01 7.872629442869144914e-03
2.431474679210227086e-01 9.738076243520073921e-03
2.756637351914024148e-01 1.138500413574133896e-02
3.162795425013797956e-01 1.316927945828934646e-02
3.551516866935679473e-01 1.525740092681659305e-02
3.878024947519010390e-01 1.716970525150572982e-02
3.960885279398267955e-01 1.882704287935174983e-02
3.985996247698698203e-01 2.118735749081587100e-02
4.061529491259266988e-01 2.247225897803809339e-02
4.261563163677572486e-01 2.458959188984661398e-02
4.571320302901908383e-01 2.735423736298728606e-02
4.848029557296951175e-01 3.001569167794859022e-02
5.219518049809581672e-01 3.424349742348620912e-02
5.571080557478400586e-01 3.755725120171379133e-02
5.462069609613837695e-01 4.135056512271152035e-02
5.532070561038197054e-01 4.740965016195582138e-02
5.466383171545546871e-01 4.706230256807882734e-02
4.819170134901648583e-01 4.438199330760959904e-02
3.541535505420831953e-01 8.007984099263462663e-02
