8.086410210833211432e-01 2.381677069386390830e-02
2.676740079816237183e-01 9.993456377148053627e-03
3.636533468706624750e-01 1.261840107409820111e-02
3.975270494322410975e-01 1.366511118566062985e-02
4.173171783206320873e-01 1.394480252727898356e-02
4.434011443584817691e-01 1.434936193965264013e-02
4.601602361949680975e-01 1.415904771109573884e-02
4.601577524671694452e-01 1.375454520341033889e-02
4.735155984123531892e-01 1.364637919103305931e-02
4.777183722098912178e-01 1.343575218334929454e-02
4.784130968164342357e-01 1.289339320320993278e-02
4.896563966503363341e-01 1.279852017304579544e-02
5.066258548472276635e-01 1.274312855230618109e-02
5.109284366871629235e-01 1.247510744115103327e-02
5.214847626404272019e-01 1.225667122292071684e-02
5.214268521366269837e-01 1.250172336489035856e-02
5.196924445556470040e-01 1.265319808371771770e-02
5.302607576733361361e-01 1.264895978676411348e-02
5.365094300967780949e-01 1.226132330272574657e-02
4.782427786194777819e-01 1.074297462422842651e-02
3.087669687126084472e-01 2.633725714531481507e-02
