5.257994076819507701e-01 1.435881437270239425e-02
1.500369441466753717e-01 6.406821003634616089e-03
2.288893515831138259e-01 8.873473012205351090e-03
2.720538415464835436e-01 1.090320149218319996e-02
3.016475756272325448e-01 1.231676084538886953e-02
3.370721212250539223e-01 1.420837535705689846e-02
3.595585256037459043e-01 1.575897190574391746e-02
3.741818191723293441e-01 1.703567774860844167e-02
3.986869109997693283e-01 1.873780386590314859e-02
4.129847120668745930e-01 2.085904550184840278e-02
4.323990065490845303e-01 2.182237854494289628e-02
4.528055325014671562e-01 2.321810075277315130e-02
4.885933191890716176e-01 2.547003979734851348e-02
5.161247888936152384e-01 2.736395450424227230e-02
5.416193536191274971e-01 2.958534191436456434e-02
5.567040538008031225e-01 3.264247654811169158e-02
5.350616220974788728e-01 3.526272712275026894e-02
5.496796798803607054e-01 3.925508148250541479e-02
5.594906569334683333e-01 4.052102349200401021e-02
4.807779782638684773e-01 3.949656650306802158e-02
2.749919227667700361e-01 7.310931967356094907e-02
