6.156731693662057525e-01 1.785412942659036356e-02
1.813917781097245385e-01 7.108486183757990393e-03
2.690044677638714354e-01 9.729356548863364249e-03
3.076646297191577561e-01 1.124514005957328623e-02
3.355084272826029945e-01 1.222565192281819570e-02
3.699695036189731834e-01 1.304937403417441577e-02
3.975695706897659498e-01 1.395300206070703569e-02
4.171506925428797863e-01 1.462608644117885208e-02
4.244208215160232278e-01 1.505928398054498692e-02
4.294338760569362257e-01 1.580330986076832270e-02
4.322606043592682745e-01 1.604971415784304037e-02
4.434328547835545975e-01 1.685809672423138270e-02
4.556248744073387313e-01 1.812213776693628875e-02
4.613393376192743700e-01 1.882503922338157193e-02
4.817408698541390533e-01 2.008844138274112207e-02
4.996800071389071451e-01 2.118348532377107088e-02
4.869913415184295991e-01 2.219601802761590401e-02
4.900520166675371159e-01 2.344854056462901057e-02
4.752015089475861154e-01 2.287148785884803026e-02
4.205888544753285108e-01 2.090516225436445455e-02
2.477353990024564467e-01 4.531150170667672811e-02
