4.611124808255654406e-01 1.487173216960793395e-02
1.254746336787989913e-01 5.647349072589943897e-03
1.981656073294549847e-01 8.111689792193930298e-03
2.403847304471525281e-01 9.974615342987935840e-03
2.720350854460945045e-01 1.144270566424165914e-02
3.115476958869400348e-01 1.312186783874675494e-02
3.492010020382624869e-01 1.493920419891880437e-02
3.806101416111664082e-01 1.674947655227534277e-02
3.880343563033318288e-01 1.836751522079695456e-02
3.897830583871355614e-01 2.067526381731090226e-02
3.964458192672656311e-01 2.223684858456107319e-02
4.152133599947523401e-01 2.424283676798314260e-02
4.445823320223141195e-01 2.709985429335150242e-02
4.706347209388678232e-01 2.948815382291933990e-02
5.057748927825763685e-01 3.300121960856578635e-02
5.388581542642091327e-01 3.591954442665249575e-02
5.273517715575855025e-01 3.934602407366399879e-02
5.331372745443612171e-01 4.517567643159178109e-02
5.258471994036558739e-01 4.458023653960999783e-02
4.627430569285287953e-01 4.169850798230197164e-02
3.394434325509829709e-01 7.721723983250672330e-02
