7.058039451255643248e-01 1.996552254399357185e-02
2.199345036599391900e-01 8.159662223312479437e-03
3.123943329026939164e-01 1.075146832446091834e-02
3.503556882646280402e-01 1.204723715183996305e-02
3.751641769183558517e-01 1.259477536008354707e-02
4.072004467184690002e-01 1.315257011184713977e-02
4.300526960788977893e-01 1.342791123170341758e-02
4.389411975635803542e-01 1.351253733764268966e-02
4.471534102998955262e-01 1.355587167001776755e-02
4.508450360632262344e-01 1.367645837640262159e-02
4.505165486983888079e-01 1.331309002082176236e-02
4.602479255272572956e-01 1.350911845132858786e-02
4.768413148994656292e-01 1.398679277935522408e-02
4.837643282092917718e-01 1.409826795191466454e-02
4.996892064525261801e-01 1.434333328061805461e-02
5.054164742043647518e-01 1.471850509024227004e-02
4.996967244445058576e-01 1.521838525087495543e-02
5.078136157487241897e-01 1.563494136273235052e-02
5.076233462810345598e-01 1.505132931847644184e-02
4.543198316924153546e-01 1.335983258535139613e-02
3.020265674782250942e-01 3.111117750900450896e-02
