1.847695555248618575e+03 1.848167196241411148e+03
1.014792246529579813e+02 1.013921606013791603e+02
1.576776060249100375e+01 1.563013137386665186e+01
1.696927746872154863e+00 1.540273709384351042e+00
2.913562699970440595e-01 1.216173690970555471e-01
1.883938158789490447e-01 1.142471962702188912e-02
1.915843735184352969e-01 7.968044887272349858e-03
2.015958440193084400e-01 8.365662694130563196e-03
2.112108508507153648e-01 8.795081992001253443e-03
2.187240378009341069e-01 9.232548310637743103e-03
2.250275537467676390e-01 9.754937466233836244e-03
2.295995448599914834e-01 1.020233050609724648e-02
2.344645010241858951e-01 1.061872303360842165e-02
2.349544966590490780e-01 1.114171512326449925e-02
2.365815893577417617e-01 1.173108718483816849e-02
2.396676532063727605e-01 1.210606975691760033e-02
2.401401776954038003e-01 1.249663352898982421e-02
2.497884952817345794e-01 1.317755067032483178e-02
2.538260779371253051e-01 1.387165331600021499e-02
2.540087732116080299e-01 1.438551201571884597e-02
2.619108738307782125e-01 1.539375489373302069e-02
2.602731058320781887e-01 1.578866334041279657e-02
2.659832938540875324e-01 1.658552806285733261e-02
2.656897816924380096e-01 1.689544503235013151e-02
2.639867504112589636e-01 1.686002995249544917e-02
2.244770083048380216e-01 1.496241307138701515e-02
2.547653932857621983e-01 1.543404093660474471e-02
