2.057455227450393977e+03 2.057999092893920078e+03
6.741308791524016897e+01 6.725290935464947495e+01
1.252659897794790034e+01 1.232229404258213634e+01
1.539380596325490513e+00 1.319955537427947245e+00
3.274682261506645098e-01 9.895770587801683282e-02
2.423546598671562080e-01 1.087985153990716006e-02
2.432088083172401494e-01 8.432241320541961072e-03
2.486613373352765388e-01 8.367587849001848974e-03
2.529743300414563079e-01 8.295521537318620298e-03
2.577598652879675711e-01 8.351502296168725192e-03
2.606448542946117608e-01 8.417932184323665204e-03
2.623563150198868210e-01 8.511756285669401859e-03
2.631668774186911031e-01 8.473423567820491040e-03
2.629004404738262135e-01 8.559627415192326907e-03
2.640542556311381572e-01 8.485280807238808343e-03
2.659252425398636599e-01 8.557898993238093749e-03
2.658686144993516187e-01 8.584714255595260468e-03
2.704679830812376506e-01 8.723705364584286373e-03
2.715686846571055413e-01 8.839850612081857212e-03
2.730041874854602924e-01 9.006001329449977305e-03
2.745262221087292343e-01 9.143963632226227711e-03
2.722163001550049755e-01 9.324321480681834612e-03
2.726338374496912742e-01 9.485659004457828655e-03
2.702733745677414201e-01 9.658383889720982204e-03
2.659686639288086907e-01 9.742794641869771677e-03
2.304013439464348834e-01 8.618936218391524268e-03
2.727148545525756584e-01 1.057595075004355220e-02
