2.037966450176218814e+03 2.039466914797713116e+03
6.672995228971255699e+01 6.659870677179532095e+01
1.239138139526850857e+01 1.219400275949911361e+01
1.521747211693007529e+00 1.305448683198830340e+00
3.235010022322338252e-01 9.812844986542611225e-02
2.392587306205595232e-01 1.224435349148875717e-02
2.399416693639345177e-01 1.001169230436581813e-02
2.451571691530920194e-01 9.788847839170007614e-03
2.492428702270373109e-01 9.552002153335636264e-03
2.537882681256872219e-01 9.386870805509903853e-03
2.564574725979548164e-01 9.278007657701295777e-03
2.579690957779398053e-01 9.219562167317958690e-03
2.585933444823299010e-01 9.031260681402523971e-03
2.581590688575965964e-01 8.956856036434746732e-03
2.591189648014702307e-01 8.779572505908548805e-03
2.607807616130459749e-01 8.787367181240866854e-03
2.605511619404384249e-01 8.736531276712698399e-03
2.648815815916594207e-01 8.816109753262166976e-03
2.657819869365568022e-01 8.897197554490260049e-03
2.670085203573407395e-01 9.031097714691741635e-03
2.683178724768656709e-01 9.169063946801720225e-03
2.658825599990243260e-01 9.296341510284005655e-03
2.661125997452752912e-01 9.472083327696251276e-03
2.636324720439030544e-01 9.583302572716731818e-03
2.592603279320030429e-01 9.675046469675565447e-03
2.244401544831349515e-01 8.456193929802019102e-03
2.654815238088737428e-01 1.041565425592489574e-02
