5.317763884166703292e+02 5.317646482656127773e+02
8.623544446726954504e+01 8.647474385296028743e+01
3.383699116397948181e+00 3.625113312681806033e+00
4.076885813238311784e-01 1.580117616657963631e-01
2.709543324827654587e-01 1.725762824193630834e-02
2.614076435513918439e-01 8.919908215018916564e-03
2.659734077501972882e-01 8.754789169930251094e-03
2.696738375193090120e-01 8.555906083898308714e-03
2.721572259807797378e-01 8.338355303375361710e-03
2.761636221807193814e-01 8.305560538560937192e-03
2.778162308719145934e-01 8.281330929156689030e-03
2.789405608432722894e-01 8.295843088673761703e-03
2.787621927062889360e-01 8.159042559080642923e-03
2.778669911063065268e-01 8.137716722441123984e-03
2.782307935058516701e-01 7.979616753012345326e-03
2.801098736516902665e-01 7.989381742384310536e-03
2.800484043579362092e-01 7.935516093202001769e-03
2.839712990368836731e-01 7.985889669719832898e-03
2.846789634453214535e-01 7.995963886178401522e-03
2.860105990509274054e-01 8.100218716083962267e-03
2.860440423708683344e-01 8.134049631932838489e-03
2.844394448016406285e-01 8.222362967440895176e-03
2.846168503064153699e-01 8.283485487792585991e-03
2.820135777214848871e-01 8.343438673009838727e-03
2.774734857372005981e-01 8.344884041240539091e-03
2.404948554332468902e-01 7.369949267970450288e-03
2.890443933746815741e-01 9.193391702949558347e-03
