5.496783374870199168e+02 5.499947130680841383e+02
9.620820796365798344e+00 9.495424017912320380e+00
2.095523693307216107e+00 1.934605649517975312e+00
7.867230055038429981e-01 6.100044158092239321e-01
2.484290681635919484e-01 6.023426852501902878e-02
2.010715646726460304e-01 1.069471487310006547e-02
2.083146963170454946e-01 1.064354910816481432e-02
2.169017946413012154e-01 1.092513587821112957e-02
2.266094580349333198e-01 1.133437543360463727e-02
2.350276675905903778e-01 1.188725277067225784e-02
2.394434997689147970e-01 1.236974985852429959e-02
2.429339723354620728e-01 1.287476364923265636e-02
2.464819572972915540e-01 1.335952496950229378e-02
2.464172725296550348e-01 1.388729880857921505e-02
2.471923030986139247e-01 1.436930535023678984e-02
2.495843653517727800e-01 1.501808255494533478e-02
2.531074191566327070e-01 1.550017601832847682e-02
2.636754668326936613e-01 1.646314960339728684e-02
2.692894173536453106e-01 1.750164789428051981e-02
2.699090234619829776e-01 1.845923364041877207e-02
2.745475995891163423e-01 1.974836664267362943e-02
2.714587747241302140e-01 2.083186398248424234e-02
2.764092704340585516e-01 2.221463093487876031e-02
2.741481461987085866e-01 2.306393510850033093e-02
2.771244855483742109e-01 2.500999340430780024e-02
2.397683509774327648e-01 2.241367920507318298e-02
2.842251847110304763e-01 2.819189281082452175e-02
