3.589925587553723290e+03 3.591030448584060650e+03
1.337174860082214138e+02 1.336056513776666748e+02
1.833082312674181580e+01 1.815657861827947883e+01
1.953247239808568070e+00 1.760448136849613654e+00
3.406856268490723871e-01 1.363769412705863049e-01
2.228117272686835904e-01 1.283534062980674038e-02
2.225464915123146481e-01 8.310681351109463003e-03
2.294189929957405893e-01 8.395613282026028953e-03
2.348556597889509268e-01 8.501095249421443747e-03
2.398970089882720147e-01 8.660714615685738416e-03
2.435123693953058222e-01 8.822014619961300597e-03
2.458147602169153123e-01 9.030496303344062378e-03
2.476161964771828594e-01 9.125726614036593076e-03
2.478029833432819629e-01 9.359515353048903155e-03
2.495078945170250140e-01 9.406903002070393649e-03
2.518463292432533418e-01 9.589910803762504571e-03
2.510401957901147174e-01 9.730977602602846124e-03
2.559401172316168593e-01 1.006762849242089780e-02
2.581985885941701642e-01 1.034946260921193288e-02
2.606034387039127820e-01 1.067429882928858619e-02
2.645030993055155766e-01 1.104330051613773914e-02
2.615735751636136808e-01 1.134666059045697992e-02
2.634780793552221057e-01 1.177492169439675780e-02
2.609520930285829654e-01 1.209792959826330901e-02
2.567311086865683989e-01 1.237356579687947863e-02
2.224936334973411645e-01 1.100915585189098621e-02
2.583767067253873173e-01 1.328097171995472683e-02
