5.507426054774036857e+02 5.510531197445794760e+02
9.621149349993151745e+00 9.495505929290803948e+00
2.091617105196170723e+00 1.930890741064136495e+00
7.837656711227866113e-01 6.076290204340675238e-01
2.470253799622145474e-01 5.978959808658348279e-02
1.995559132232521959e-01 1.029135910262449216e-02
2.063519759711675006e-01 1.013558192948406725e-02
2.144502938080374843e-01 1.028728921689229560e-02
2.236229181823258527e-01 1.052196645156626420e-02
2.314898999780938826e-01 1.089358434686741629e-02
2.353915596478213801e-01 1.122913820479205273e-02
2.383695982935002677e-01 1.155105098776484235e-02
2.413918066996910139e-01 1.188548628439554077e-02
2.408703344575631455e-01 1.224102754886931266e-02
2.411692270483234701e-01 1.252007348332468024e-02
2.430407531043572156e-01 1.297698746124623971e-02
2.460035529352479489e-01 1.326051668069939439e-02
2.557884944952482642e-01 1.391199688439055150e-02
2.607386106488140953e-01 1.454511155583286010e-02
2.608424330438864347e-01 1.523571134050914419e-02
2.648215162077526275e-01 1.599169215401608640e-02
2.613450504278575504e-01 1.680496712196635767e-02
2.656059366299634017e-01 1.771599725800799066e-02
2.629331018629569861e-01 1.828412441295935303e-02
2.652831278367712708e-01 1.975710671970592677e-02
2.290874848661233198e-01 1.752950379884510995e-02
2.710483971168414219e-01 2.198251749213560313e-02
