5.265394323908460592e+02 5.267769448456804184e+02
8.536102480080889165e+01 8.563283865643460047e+01
3.348401406725812546e+00 3.588446278492211761e+00
4.033167779417793919e-01 1.567133939918438634e-01
2.679697705421623666e-01 1.847183259408249553e-02
2.584520316303904885e-01 1.087085660088679857e-02
2.628886579700182025e-01 1.059257156752718698e-02
2.664676000753405938e-01 1.022345868400074444e-02
2.688421923626483356e-01 9.839622367197837366e-03
2.727193747179466610e-01 9.584599627096349744e-03
2.742705014970080457e-01 9.395304079514636350e-03
2.752993074844914956e-01 9.256473554187948441e-03
2.750421692420514375e-01 8.972849407373629377e-03
2.740780996855630147e-01 8.808709981852149568e-03
2.743560452200828892e-01 8.568138883174293563e-03
2.761275380484295994e-01 8.527232632279670502e-03
2.759855659984815635e-01 8.416443104055638252e-03
2.797690565145719566e-01 8.429296397569866969e-03
2.803835753590699920e-01 8.456475863586975991e-03
2.816120828422036260e-01 8.553780648860516075e-03
2.815619909181397151e-01 8.611302077542725211e-03
2.799000050682289853e-01 8.686070406144689657e-03
2.799920213093008425e-01 8.809665646748704448e-03
2.773492713538139864e-01 8.841286187999647384e-03
2.728038307933385864e-01 8.866220061511383838e-03
2.363778230174022887e-01 7.742071260337620928e-03
2.840124977433042264e-01 9.710123189494046514e-03
