3.557405245484001171e+03 3.560175109752363369e+03
1.323617204070100968e+02 1.323047113303154561e+02
1.812518605562626561e+01 1.795965811376300536e+01
1.929230110409963395e+00 1.739518217746532480e+00
3.361297323912051382e-01 1.348364827517050946e-01
2.195924830067325084e-01 1.373691291965024874e-02
2.190919808631842935e-01 9.611474585290550460e-03
2.256115893929934724e-01 9.544170017257550681e-03
2.307062566395759184e-01 9.477699533949208652e-03
2.354016382777633087e-01 9.418624104374840808e-03
2.386887664693236044e-01 9.387475405319081409e-03
2.406828894049420908e-01 9.441469986696938640e-03
2.421824195586225748e-01 9.375921689517664054e-03
2.421008989221678231e-01 9.424793137175950172e-03
2.435008427749087434e-01 9.342244142695734985e-03
2.455150437901483518e-01 9.446772551793642878e-03
2.444623903925627895e-01 9.485133919664068616e-03
2.489622266502465320e-01 9.729315509447862900e-03
2.508853284115050708e-01 9.911090918927160931e-03
2.529460191038016004e-01 1.016229599701008041e-02
2.564512250240431612e-01 1.048336940524157053e-02
2.533344121279566541e-01 1.071810460042566145e-02
2.549007501149417321e-01 1.109322595264517625e-02
2.521817853407132826e-01 1.131044697482881493e-02
2.478322003098767379e-01 1.155415637387363116e-02
2.145473381690915504e-01 1.018753842661446890e-02
2.488772541554839512e-01 1.234083693183302133e-02
