1.808823308673375095e+03 1.810134841780807392e+03
9.904184442983577696e+01 9.899937161772238881e+01
1.534219308687706196e+01 1.521434263587708990e+01
1.646101554790857291e+00 1.494783714926339657e+00
2.817691813573794946e-01 1.178531640580251505e-01
1.816400496312573498e-01 1.211667961559470194e-02
1.841538911230216902e-01 9.178639554249641563e-03
1.931871514462921713e-01 9.485413543170707895e-03
2.017849342914589950e-01 9.838188348318701454e-03
2.083266709042328468e-01 1.019989611387740747e-02
2.136780470232738371e-01 1.062032846153488676e-02
2.173557216206649101e-01 1.097978785642447254e-02
2.212855215708718071e-01 1.131393520431072351e-02
2.210729010113971771e-01 1.164881316833495106e-02
2.219261820158894283e-01 1.213882827091500305e-02
2.241366452976370494e-01 1.244878689131568433e-02
2.238948578204571216e-01 1.278881381983732954e-02
2.321814777266517082e-01 1.336207312427332289e-02
2.352161979973477757e-01 1.393630280299132038e-02
2.346689072892717276e-01 1.435305591961058905e-02
2.412327185705079591e-01 1.527580015968361092e-02
2.389944543424857570e-01 1.546235921479529804e-02
2.434942648436870805e-01 1.604274565238892128e-02
2.424851102940835668e-01 1.624374696543534266e-02
2.401973444293539206e-01 1.608268736207667249e-02
2.036262600715260940e-01 1.413882552202198363e-02
2.303977325914880470e-01 1.453880600011428319e-02
