7.585169693257325374e-01 2.839151550722778319e-02
1.796191514243508092e-01 8.483712789121659534e-03
2.790801678409963182e-01 1.274401135762164537e-02
3.078529855701592766e-01 1.490677736741649259e-02
3.583144986783096120e-01 1.699440201111738005e-02
4.050025111500247244e-01 1.881540072808656969e-02
4.528238506207848402e-01 2.060907367709741145e-02
4.553029334910692616e-01 2.074517490920048390e-02
4.634390076656962343e-01 2.136993008957988743e-02
4.868416098640123701e-01 2.300231672161237237e-02
4.881474319090377545e-01 2.409878925706636019e-02
5.048693714930722054e-01 2.501822539405669857e-02
5.296990121549177699e-01 2.658243289510167293e-02
5.216293294997738084e-01 2.650684184002763746e-02
5.357777366007380193e-01 2.750138105574989958e-02
5.508723270648695491e-01 2.895362764346248036e-02
5.578434141543737734e-01 3.037522712014537399e-02
5.614423697084077736e-01 3.173033570943245563e-02
5.734981224346562545e-01 3.151565498273235788e-02
6.140178770261405239e-01 3.329290990933432559e-02
6.441984386328138967e-01 3.583625976350689191e-02
6.147739075954062882e-01 3.715724691331674656e-02
6.031768408696434047e-01 3.889316791607227985e-02
5.834514635688095030e-01 3.874499023333932701e-02
5.892584168155452495e-01 3.855424224414532447e-02
5.161566765983478522e-01 3.535307646754916322e-02
1.821296754691093811e-01 8.528772820557237178e-02
