1.024292363431742015e+00 2.670689197006469520e-02
2.634033825666730610e-01 1.042033458099587973e-02
3.949559346660909132e-01 1.452293804997136124e-02
4.269704686658183923e-01 1.575955797444419937e-02
4.702684133491426000e-01 1.650999942848034932e-02
5.029573115809538031e-01 1.703282232814966671e-02
5.416038364768037683e-01 1.859716283622293159e-02
5.398984100170364231e-01 1.888462091985294508e-02
5.536199307719636975e-01 1.928055636174235213e-02
5.775127977633025544e-01 1.993059946169102245e-02
5.760733631678518485e-01 1.999412740761696491e-02
5.929934965308797379e-01 2.066233198427545881e-02
6.170178339534508893e-01 2.130958005892028342e-02
6.197932447986770343e-01 2.103067367488221234e-02
6.280855714902171538e-01 2.046358211547420411e-02
6.309927453526461560e-01 2.034553896092842692e-02
6.354863224693743096e-01 1.913545914561442032e-02
6.466650382718613921e-01 1.857036217951215512e-02
6.508444742673471506e-01 1.881601278457343054e-02
6.699281502528854348e-01 1.950925680831862644e-02
6.762645431989692257e-01 1.982617149930461509e-02
6.579932083898395456e-01 2.022314880130417908e-02
6.612877135490703440e-01 1.995817337238580541e-02
6.674684987408511239e-01 1.974677325062435679e-02
6.666358893459176649e-01 1.894844269635184014e-02
5.823943407531844141e-01 1.559691712077960167e-02
3.994408076374295624e-01 4.227719019191941013e-02
