8.845861807940433863e-01 3.159649955999298265e-02
2.139285944399131612e-01 9.509570698381484763e-03
3.315398014518730618e-01 1.396205759676725014e-02
3.662681570593404601e-01 1.585809623584020708e-02
4.086754107016606907e-01 1.722576916899980215e-02
4.393447737540610576e-01 1.827727054846009849e-02
4.776684858091630459e-01 1.996058376983767327e-02
4.776428505459351936e-01 1.966205145952033828e-02
4.937440406257692649e-01 2.071213262197470553e-02
5.171275943197466418e-01 2.140435753774622141e-02
5.181248942135449065e-01 2.187349707169631077e-02
5.411781026791963045e-01 2.310347512466843709e-02
5.678022154280605305e-01 2.402287311419051483e-02
5.708126057803920572e-01 2.383191466826914753e-02
5.747280156763560077e-01 2.363027279293688013e-02
5.823726555849125797e-01 2.397732843729666677e-02
5.869443708468791154e-01 2.301349943440661114e-02
5.931850851072166808e-01 2.368646014211703288e-02
5.955199206561462288e-01 2.430434893971175972e-02
6.124138668160959975e-01 2.478335934638536270e-02
6.158654333409573356e-01 2.550652628219685081e-02
5.944424698106490768e-01 2.542124131298606135e-02
5.915589458829999536e-01 2.565586921013176744e-02
6.022817116660083014e-01 2.606982993811503974e-02
5.963942631346580425e-01 2.525651796728113976e-02
5.299869663094770589e-01 2.270907222119236332e-02
3.803377269863906229e-01 5.348255556084349077e-02
