6.750755842896133396e-01 2.511873196260705141e-02
1.492271805925693973e-01 7.463944522579245636e-03
2.398060523904471664e-01 1.149278430037945463e-02
2.718620249509031694e-01 1.394976449567747988e-02
3.179930459259975306e-01 1.564536353939025362e-02
3.553553756982274492e-01 1.703845190669392787e-02
4.011590060567832849e-01 1.919037449243649746e-02
4.083549036598114190e-01 1.933881997562730479e-02
4.245378583069730483e-01 2.098451060629875561e-02
4.476881317602874888e-01 2.262629766028953840e-02
4.470793732568879020e-01 2.393365419757332094e-02
4.658437607139262471e-01 2.649231084046814802e-02
5.019323620647172524e-01 2.916460962889420860e-02
5.029687743670239186e-01 2.892598793613224487e-02
5.138352160745784936e-01 3.039880040484405771e-02
5.342188496451847346e-01 3.225410148844793518e-02
5.466981452029444633e-01 3.328477705666034459e-02
5.470198852266292544e-01 3.672324159204314042e-02
5.566095112163076397e-01 3.775924556755969747e-02
5.743122167839348480e-01 3.947324967467037704e-02
5.933603391609010291e-01 4.330599431941305894e-02
5.483233082586720375e-01 4.586366905565134044e-02
5.407083470569202799e-01 4.771128842306258944e-02
5.446819816703882822e-01 4.882924976865875288e-02
5.386479830003403357e-01 4.853559198268831559e-02
4.819300101435528005e-01 4.385702582770416996e-02
2.696827462834067157e-01 9.218852709274000246e-02
