6.847042678623502798e-01 2.061813709970651207e-02
1.519427624927002507e-01 7.546397967039633961e-03
2.451171366189617007e-01 1.137814988915121506e-02
2.789610265853390558e-01 1.393016450838045935e-02
3.275624104203782583e-01 1.569097212018752061e-02
3.674690577266127023e-01 1.718345074099738440e-02
4.164433036370714936e-01 1.975593074581092137e-02
4.255578068044554851e-01 2.054676514599376724e-02
4.441387459571062291e-01 2.222552535513425132e-02
4.701747140584984774e-01 2.410187592938021692e-02
4.713567943855005993e-01 2.550691427729738156e-02
4.930453550928182160e-01 2.847379293992961455e-02
5.333020298881624432e-01 3.171580326524949672e-02
5.364762658618288382e-01 3.196169835297783118e-02
5.501926767913026817e-01 3.348234070184654548e-02
5.742375632989341616e-01 3.527037505406559886e-02
5.899313027524599740e-01 3.610897954874237037e-02
5.925682869600447100e-01 3.946553750874323002e-02
6.052953878794036235e-01 4.111077898715533724e-02
6.269692579852494951e-01 4.360538985257528255e-02
6.502766454246609040e-01 4.801706679707655467e-02
6.032506523555966060e-01 5.078422595424204183e-02
5.971804988379058043e-01 5.297495016773086374e-02
6.039027434562310725e-01 5.488981849831792159e-02
5.995293958412286628e-01 5.504990102845810918e-02
5.384815969871357133e-01 4.951774896703842188e-02
3.024973031250699496e-01 1.029037168427339305e-01
