1.166740442136405154e+00 3.099862112069165510e-02
3.198878299497039945e-01 1.249888402458186783e-02
4.626618971494714794e-01 1.689444450389406688e-02
4.877123333935861060e-01 1.771483766143849836e-02
5.274066326491514412e-01 1.828809531518807083e-02
5.601601213823382830e-01 1.837247668328714778e-02
5.965328338385447182e-01 1.942981788236261553e-02
5.912908027681853529e-01 1.963867800278826584e-02
5.999917343073043474e-01 1.950810253547543421e-02
6.211398185210833534e-01 2.016431268759963369e-02
6.171450028717125891e-01 2.010544045303646818e-02
6.292481184280394046e-01 1.995850463440803149e-02
6.455894835381503771e-01 1.989229817371128764e-02
6.464009971400533905e-01 1.942386817872470209e-02
6.562209973341399660e-01 1.872222450242427491e-02
6.570063676665952590e-01 1.826710181205849770e-02
6.575540455408216411e-01 1.708807059445057938e-02
6.694774072652796004e-01 1.604659971802230994e-02
6.732799660512431839e-01 1.606265114002223757e-02
6.921069580048097025e-01 1.624870549454264165e-02
6.972111039842271429e-01 1.609640211650032599e-02
6.819999832601358891e-01 1.621720282151964052e-02
6.864810618008687637e-01 1.564806617660427848e-02
6.850632657599146080e-01 1.528423421847838540e-02
6.849852401354580289e-01 1.460658981275488218e-02
5.940214394351664984e-01 1.179185499347277719e-02
3.931571865060100035e-01 3.591035396226582160e-02
