8.852740802130212305e-01 3.140556091939077782e-02
2.142550348037565167e-01 9.485835910761847636e-03
3.322939786522016714e-01 1.384867266932978368e-02
3.673758145751290782e-01 1.568689061184687372e-02
4.102178052277140607e-01 1.695946593883875322e-02
4.413326558561792012e-01 1.794435789404074874e-02
4.801885375377973331e-01 1.959668966380978886e-02
4.805217841871906037e-01 1.917150860716761857e-02
4.970914192118849328e-01 2.024642198672543109e-02
5.210227807247769238e-01 2.071955581765149573e-02
5.224179120713050573e-01 2.109510329812300244e-02
5.460701230387283722e-01 2.238557822879829254e-02
5.733632892480412524e-01 2.336435382184675474e-02
5.768341394567341185e-01 2.298818193414430000e-02
5.812251098913456815e-01 2.300130519367565851e-02
5.893965315754615686e-01 2.368842928514449178e-02
5.944675359612958676e-01 2.265697852203210627e-02
6.012374493241754436e-01 2.323832588173619165e-02
6.040552937928087562e-01 2.370183561753292159e-02
6.216558389033267629e-01 2.430264954477041536e-02
6.256269242581214973e-01 2.553486074635524794e-02
6.043159146608542143e-01 2.604614018423655544e-02
6.018341510945747208e-01 2.614919076790919034e-02
6.132013155444071550e-01 2.592576724946347305e-02
6.076611333401658044e-01 2.474706408973906951e-02
5.404030501306150702e-01 2.174867708451647466e-02
3.881026508286262167e-01 5.516966545247318360e-02
