1.012836657526107409e+00 3.535198324501277745e-02
2.600933856638139030e-01 1.085724857961411355e-02
3.894476502708854593e-01 1.551474344692075659e-02
4.204271615982915766e-01 1.683816218590503816e-02
4.624142623231268789e-01 1.787835145607173659e-02
4.938658778406319061e-01 1.868874860755418213e-02
5.310704179613779941e-01 1.980292749869205088e-02
5.286581244901950027e-01 1.904136579951457020e-02
5.413361909963549934e-01 1.933745422947429765e-02
5.639095408162517753e-01 1.965805669056661792e-02
5.617176988386890502e-01 1.974384478115893612e-02
5.774079080873428804e-01 2.006365667589632765e-02
5.999609688054359236e-01 2.040833886245025861e-02
6.018172101899338378e-01 1.988480351802456372e-02
6.090165085032318570e-01 1.929528959634731200e-02
6.109801462749089307e-01 1.945041977885984819e-02
6.144710456639855822e-01 1.842151474058977348e-02
6.244060192943933219e-01 1.816092698799663327e-02
6.275631079278902735e-01 1.826478286353616295e-02
6.450611611162889725e-01 1.836880617453661921e-02
6.502521073437961263e-01 1.849088006854043148e-02
6.317991615376968850e-01 1.858887545062401156e-02
6.340749143479917915e-01 1.862108754252913764e-02
6.391067075539403897e-01 1.827061855771010962e-02
6.374171969805066951e-01 1.747849918513446135e-02
5.560895260876357327e-01 1.486749160065269082e-02
3.808662447550350549e-01 4.065055122269971288e-02
