7.587212750087247715e-01 2.859480540323482145e-02
1.797149016625350926e-01 8.560964468442780126e-03
2.793025578923770680e-01 1.289983332268375589e-02
3.081795350415675872e-01 1.512396638658107875e-02
3.587891454653376333e-01 1.743380245635378634e-02
4.056459258193629847e-01 1.941572475293551481e-02
4.536628159278012218e-01 2.147598692864768205e-02
4.562667566437970668e-01 2.175794171149103562e-02
4.645425000407366611e-01 2.257306253116006522e-02
4.881294893246400091e-01 2.446341289481821640e-02
4.895678081420566929e-01 2.554611394047714285e-02
5.064719020559853568e-01 2.661428433312542849e-02
5.315204561344811784e-01 2.862591150823135672e-02
5.235610272088310202e-01 2.872516969487717495e-02
5.379036116297267744e-01 2.941377490258346994e-02
5.532039107220316776e-01 3.057189397387078886e-02
5.603522031822403271e-01 3.175269775625323698e-02
5.641160364407469263e-01 3.293602228937413806e-02
5.763811253473464236e-01 3.314301659662911154e-02
6.172672766673396039e-01 3.540326996067854476e-02
6.477782988237749118e-01 3.758323354374962233e-02
6.183532416055882441e-01 3.826248180514039282e-02
6.068486102452712583e-01 4.000461744166433631e-02
5.871579225894133502e-01 4.047696457238966067e-02
5.931581124962468365e-01 4.080378077560889438e-02
5.197095742890005532e-01 3.793229585946702315e-02
1.834316912332643046e-01 8.479806463478144207e-02
