1.153757828866124102e+00 4.095294431086921733e-02
3.160720259810538280e-01 1.310890832166981476e-02
4.567725639523697034e-01 1.816000441841860574e-02
4.811139476185429809e-01 1.904092236624380791e-02
5.198496185274328329e-01 1.996935879002360512e-02
5.516863813504729874e-01 2.053486733580661347e-02
5.870327919636967318e-01 2.119957793818736183e-02
5.814027294554143799e-01 2.029048384330083346e-02
5.894800928197722056e-01 1.993268181637172093e-02
6.097631570102199916e-01 2.019629684623977864e-02
6.053505749825579541e-01 2.018642276217377796e-02
6.167222276969439587e-01 1.970717219898618366e-02
6.322255696157410565e-01 1.939929932074744082e-02
6.325073261577867090e-01 1.887341002763791992e-02
6.415959271161465471e-01 1.825230706032900455e-02
6.418432642176069569e-01 1.813049590739260891e-02
6.418577605985640311e-01 1.725297241139735205e-02
6.529669521005831978e-01 1.638616119237307905e-02
6.561436059995563452e-01 1.618801671315706070e-02
6.739448483148127167e-01 1.602254850299436595e-02
6.783649038866954584e-01 1.579786380046529007e-02
6.630272426217259651e-01 1.560021473698817301e-02
6.668428565283175402e-01 1.549106700683403753e-02
6.649263694133260572e-01 1.528778500536662026e-02
6.643118855811652734e-01 1.470730796582546580e-02
5.756266101359249765e-01 1.220749054904520133e-02
3.806737184808621777e-01 3.489559627633343625e-02
