1.164205166821271620e-01 3.249532840001771988e-03
1.313977313196952879e-01 4.095033469769958703e-03
1.605616870992822021e-01 5.294147373915359528e-03
1.815838163219864743e-01 6.092898506497845638e-03
1.981210339017091260e-01 6.873218030499867771e-03
2.086912118351346990e-01 7.492824013862424588e-03
2.163971449263002722e-01 8.141504391788161737e-03
2.228901767512747323e-01 8.824862499595083343e-03
2.271245297899314730e-01 9.207431211819834538e-03
2.257063279417785839e-01 9.773347952138597070e-03
2.303645337363755263e-01 1.038278074947462590e-02
2.381592673508172719e-01 1.085038416142053951e-02
2.440933830090314949e-01 1.130819528405400606e-02
2.528107808297939130e-01 1.217693842584631481e-02
2.587761202471942079e-01 1.292142382913812060e-02
2.587390460951708993e-01 1.371227135611335392e-02
2.609017192546982944e-01 1.482367825150179320e-02
2.612471740096414807e-01 1.518995802664596315e-02
2.648798426996032962e-01 1.603265251779656397e-02
2.308688883199221109e-01 1.532010003562240576e-02
2.557895309057646727e-01 1.763573334000112514e-02
