2.161151674588729088e-01 4.158116563113551344e-03
2.623644428044900057e-01 6.355962129233034587e-03
2.826209484990018783e-01 7.155098842335620019e-03
2.859285190725603942e-01 7.187493502473640480e-03
2.877166342074557459e-01 7.035103430984833775e-03
2.855021157417060862e-01 6.692184506719869516e-03
2.855681842466694653e-01 6.125293897649114298e-03
2.873989879017231353e-01 5.707155916835366521e-03
2.870617843849723738e-01 5.224221434099597661e-03
2.864786351280226295e-01 4.880443305803585513e-03
2.876308342583551725e-01 4.706660705163978088e-03
2.888489870671102633e-01 4.404145880765052840e-03
2.895326332155012672e-01 4.185856061646072747e-03
2.915582786013513061e-01 4.038476685918872960e-03
2.902799087771462117e-01 3.822256621416172864e-03
2.876050724690306093e-01 3.675242428935173410e-03
2.870283384250688630e-01 3.515234815458423770e-03
2.863914649683098612e-01 3.461559050093372496e-03
2.837994632704278763e-01 3.342110886593403860e-03
2.551035103948422478e-01 2.959034148845198896e-03
3.005243393504309912e-01 3.040638739243957302e-03
