1.609129138169759499e-01 2.934187523536039167e-03
1.878131680927964120e-01 4.542949805566939663e-03
2.176019453803044179e-01 5.529173728637214007e-03
2.328057215261588320e-01 5.960056233544649799e-03
2.439140197999591086e-01 6.299353749890695270e-03
2.484835688412444787e-01 6.400530617249189889e-03
2.523865300061073347e-01 6.430979277607623383e-03
2.581886365692997454e-01 6.459090078687769639e-03
2.612100616044424894e-01 6.307474063534785486e-03
2.616796872768810678e-01 6.271481835176803341e-03
2.640303363155602767e-01 6.219498374343439447e-03
2.684295224749410624e-01 6.096987794999283311e-03
2.706827723484044879e-01 5.960902683556056937e-03
2.759189941113838196e-01 6.032439097105134380e-03
2.775808749095530215e-01 6.033474870307691841e-03
2.767069997003171467e-01 6.038637174694727779e-03
2.783352588384127579e-01 6.123341350641810753e-03
2.779372076139952075e-01 6.017726419270059794e-03
2.763522906090589148e-01 5.964101425265981582e-03
2.484219795774439132e-01 5.369401691882224464e-03
2.845642302600585039e-01 5.302221552877154839e-03
