1.138112829386854624e-01 3.404468641150250850e-03
1.278579395296585985e-01 4.129193230472642459e-03
1.555126762358251813e-01 5.232021851801588359e-03
1.750592444350824173e-01 5.986751147478435071e-03
1.901176922464631602e-01 6.610988840182779186e-03
1.993334333180878104e-01 7.100957439073263613e-03
2.057365963078120474e-01 7.573024066161852287e-03
2.109283671178280029e-01 8.176261350239169903e-03
2.139400737273273456e-01 8.535565868156087116e-03
2.116195921510443667e-01 9.099310852427062307e-03
2.149867987573280681e-01 9.719461076175654746e-03
2.212318745851258595e-01 1.013482705747731534e-02
2.256941270476921502e-01 1.056013396001998818e-02
2.326718695756843924e-01 1.132550713724616957e-02
2.370590418713828806e-01 1.189222755922534486e-02
2.359273763045402483e-01 1.254293767451708855e-02
2.367976260859160353e-01 1.339766603641200614e-02
2.360130636521324821e-01 1.380052234004570944e-02
2.381866350074355043e-01 1.445652524298748909e-02
2.066416822657701768e-01 1.366902379325816465e-02
2.278868788964236725e-01 1.581657555468708037e-02
