7.734714884477712621e+04 7.737189137055486208e+04
1.827976904445572245e+03 1.828299372981418401e+03
2.208504666177249476e+02 2.206999000907842401e+02
1.743690201101074422e+01 1.721848578585065326e+01
1.298196596213967657e+00 1.057229327725319967e+00
3.040689295610706222e-01 4.959881637055137821e-02
2.749371543667600282e-01 1.218651116948948551e-02
2.900081654187288693e-01 1.289708710702876585e-02
3.001272416000462240e-01 1.368883279629173368e-02
3.073301393229339040e-01 1.450967758057100827e-02
3.150225851472233107e-01 1.537899137194693316e-02
3.222316848198377714e-01 1.627956406395498351e-02
3.304597587004100556e-01 1.707130919305435354e-02
3.304703859432465696e-01 1.813868163340691744e-02
3.342027184559802633e-01 1.929172253759333863e-02
3.435908821508478761e-01 2.011028815335583544e-02
3.405890478635114071e-01 2.142214429518996335e-02
3.440784549978819218e-01 2.315164498005163954e-02
3.493542635632590487e-01 2.416030424959047032e-02
3.523735750733213434e-01 2.518366878060210312e-02
3.682701364618543582e-01 2.725412712583294428e-02
3.634204188167495797e-01 2.840611785124941974e-02
3.733472950583864858e-01 3.022100311714599405e-02
3.736035498207308514e-01 3.099917940649380213e-02
3.696363352956913984e-01 3.147435955827056209e-02
3.177599565503139711e-01 2.741585479226559680e-02
3.380958689541547213e-01 2.966747798927799051e-02
