1.840537104441010985e-01 3.575908906844336207e-03
2.190464306180102405e-01 5.354581331647886855e-03
2.448171089094426933e-01 6.219845318634837153e-03
2.545775952414270904e-01 6.468256782168889038e-03
2.613564998812016871e-01 6.486967195385425454e-03
2.625816368613233531e-01 6.295857026693970140e-03
2.647327472540922932e-01 5.904022017111879711e-03
2.683345715456790792e-01 5.643792810023889016e-03
2.694075564881085461e-01 5.283575361491309533e-03
2.691435122830820315e-01 5.046736189794168680e-03
2.709274620787726628e-01 4.946347757114215316e-03
2.734550719872279045e-01 4.684652295570524740e-03
2.743988857137814041e-01 4.514294722394152602e-03
2.769440933813061001e-01 4.462214719200125607e-03
2.763775415218678311e-01 4.281999042621039385e-03
2.739314571175460733e-01 4.217148216402323568e-03
2.740488773468356398e-01 4.126210773970448442e-03
2.729449740148253700e-01 4.069488424952185865e-03
2.707566710505956431e-01 4.011409078971604064e-03
2.433357072859835823e-01 3.581754244318087824e-03
2.817576049138089123e-01 3.642943470430209593e-03
