2.161151674588728533e-01 4.158116563113568691e-03
2.623644428044900057e-01 6.355962129233071016e-03
2.826209484990018228e-01 7.155098842335694612e-03
2.859285190725603942e-01 7.187493502473764513e-03
2.877166342074556349e-01 7.035103430984908368e-03
2.855021157417058641e-01 6.692184506719885996e-03
2.855681842466694098e-01 6.125293897649110829e-03
2.873989879017229687e-01 5.707155916835389073e-03
2.870617843849722628e-01 5.224221434099542150e-03
2.864786351280223520e-01 4.880443305803306223e-03
2.876308342583548949e-01 4.706660705163860994e-03
2.888489870671099302e-01 4.404145880765039829e-03
2.895326332155012117e-01 4.185856061645948714e-03
2.915582786013512506e-01 4.038476685918758469e-03
2.902799087771459341e-01 3.822256621416305136e-03
2.876050724690303872e-01 3.675242428935150858e-03
2.870283384250685299e-01 3.515234815458431576e-03
2.863914649683098057e-01 3.461559050093314816e-03
2.837994632704273767e-01 3.342110886593360492e-03
2.551035103948421923e-01 2.959034148845222315e-03
3.005243393504304916e-01 3.040638739244194092e-03
