9.903731754656920627e-02 3.393973847211983943e-03
1.090065598051055823e-01 3.858266890237693411e-03
1.357189988525655255e-01 5.038376653005421230e-03
1.556642837757694908e-01 5.902714598064665377e-03
1.708997845784047676e-01 6.713520299561790902e-03
1.806907808576735663e-01 7.405994141067684389e-03
1.872363528379535624e-01 8.106310031344356182e-03
1.943863585555002105e-01 8.963596075878821345e-03
1.994508821543699573e-01 9.643128782095859372e-03
1.981238842023983482e-01 1.047683812262131808e-02
1.992836288829523683e-01 1.137973768903817462e-02
2.064118766808780425e-01 1.227788091925577536e-02
2.120202013059915014e-01 1.311687716112205741e-02
2.258829409671973543e-01 1.435519853630024337e-02
2.362870239174716946e-01 1.558055414936410782e-02
2.386945839299947636e-01 1.683274194013565511e-02
2.425886610077255812e-01 1.839345526749150764e-02
2.450081631897121082e-01 1.952097135155177535e-02
2.500302322135964372e-01 2.049638931110510029e-02
2.124014062063427632e-01 1.890981481296295785e-02
2.336655752194366220e-01 2.196510524518588761e-02
