1.840311632023813593e-01 3.566587553192928500e-03
2.189654962162029816e-01 5.337474875294702208e-03
2.446662022525968594e-01 6.191965037784460252e-03
2.543578272558080222e-01 6.428998414172207819e-03
2.610663774928559944e-01 6.435646496081469034e-03
2.622253657281896633e-01 6.240006398748262038e-03
2.643082541016438802e-01 5.857161625642564283e-03
2.678381274214705621e-01 5.593183772494026915e-03
2.688427035121329634e-01 5.236943296580131961e-03
2.685128706787630604e-01 5.003182752223444239e-03
2.702258749527767789e-01 4.895422647263643692e-03
2.726795677105606774e-01 4.622781991944761859e-03
2.735531172864916205e-01 4.439033238929174403e-03
2.760222823569579709e-01 4.351365890177399075e-03
2.753895749876358323e-01 4.159016854714132558e-03
2.728848121746654254e-01 4.049469914773704687e-03
2.729343490980067344e-01 3.944176246068038100e-03
2.717677887878018894e-01 3.841066165112161975e-03
2.695223321154752161e-01 3.728209691209940536e-03
2.421665436253723214e-01 3.287036231015410051e-03
2.803345711483694602e-01 3.134653568990672119e-03
