1.574597176775099361e-01 3.418544508762428810e-03
1.834000328716386408e-01 4.752561127664325057e-03
2.120464204748641057e-01 5.669650505171329284e-03
2.263896785062539385e-01 6.064456907998371123e-03
2.366979726488581404e-01 6.243482934948265360e-03
2.406302663848544354e-01 6.221087473835078090e-03
2.439009825438712975e-01 6.045882717883083526e-03
2.489885078881084179e-01 5.992531209030594642e-03
2.513777770404260203e-01 5.815156178547878016e-03
2.513053840846334319e-01 5.753928433873261271e-03
2.530348916571487639e-01 5.760772140698221244e-03
2.567152465236210990e-01 5.619053829085227277e-03
2.583311640809765608e-01 5.519821859761337053e-03
2.627801671006379514e-01 5.574037537823334047e-03
2.638124747699139294e-01 5.513348294944612517e-03
2.624343833539332649e-01 5.559761162272127896e-03
2.634290195576686200e-01 5.593170941568046360e-03
2.625045778589648049e-01 5.564987310726250691e-03
2.604642133799391357e-01 5.521583845984790080e-03
2.336521665672433579e-01 4.962336199304074463e-03
2.670883246279772694e-01 4.922099447720040821e-03
