5.962921671065448237e+00 1.556174800178609652e-01
5.714384828436426034e+00 1.918083869405623754e-01
4.225138275208565553e+00 2.524791717150874359e-01
3.734659576340128240e+00 2.739558289694408177e-01
3.144216070863651957e+00 2.817970228529906307e-01
2.781860339984781216e+00 3.013857810515318536e-01
2.429242053972745730e+00 3.159598601435504861e-01
2.204805506156150230e+00 3.190469399082754842e-01
1.960876125949472248e+00 3.246296730463718028e-01
1.790347102888783848e+00 3.358588050891800902e-01
1.479946136036797366e+00 3.371118462052600240e-01
1.309697420722112371e+00 3.440380695298030922e-01
1.181239705504511184e+00 3.427387501521407809e-01
1.140068324948682488e+00 3.420732008888456299e-01
9.488277439306028738e-01 3.439696610833967161e-01
8.219807827044381954e-01 3.506634807037072865e-01
7.256644862587282585e-01 3.500565986799785145e-01
7.137028359475680039e-01 3.538418267076549051e-01
5.683846399685974493e-01 3.551588652439204297e-01
5.090862917572085422e-01 3.589776226812645410e-01
4.199837523482629620e-01 3.727876919689737667e-01
4.693096747834322180e-01 3.743800960196883021e-01
4.439811411188916979e-01 3.865256567582301406e-01
4.128509829428897993e-01 3.946645359833178546e-01
2.410744400031348822e-01 4.108582269331321202e-01
2.101220670713284111e-01 4.032513521678471324e-01
3.395235969946560073e-01 4.025584583129676597e-01
3.512279542618567119e-01 4.112279932880582578e-01
4.779067600549740114e-01 3.932122836094955609e-01
2.341584058679705649e+00 3.230603021608777214e-01
7.177264923800967811e-01 3.239941503897863506e-01
