2.778736790825244274e+00 6.557998434907348628e-02
2.731163767322552172e+00 8.173840416882351134e-02
2.081878001922065735e+00 1.060405226776406917e-01
1.896768922472666041e+00 1.131621825501818029e-01
1.656911357252183636e+00 1.164941742235533761e-01
1.527789620175651786e+00 1.230174603066139100e-01
1.391406081544596773e+00 1.284770741813174022e-01
1.310340179414947848e+00 1.267838032644590385e-01
1.222321754684639661e+00 1.294508055568642790e-01
1.173317299273415548e+00 1.322758819500652328e-01
1.059124638686121056e+00 1.324921255970834821e-01
9.976108990267675836e-01 1.332691508702758265e-01
9.491155747341947224e-01 1.339395757791314867e-01
9.536562003680468802e-01 1.308507431106855357e-01
9.017842985865750505e-01 1.317579541826876255e-01
8.743164658700000036e-01 1.373201521132926539e-01
8.459122489437064241e-01 1.391853780332318047e-01
8.425548328338745563e-01 1.404686261176556483e-01
8.017843841725107445e-01 1.420270659708995353e-01
7.792877174373188387e-01 1.448966564360085751e-01
7.509018387190548038e-01 1.527093217836447414e-01
7.774016153203064938e-01 1.522319933524899083e-01
7.751268731519860289e-01 1.557042172934897106e-01
7.743686100419066021e-01 1.604645491359184828e-01
7.269028972312299164e-01 1.700120968193553905e-01
7.287956301676359328e-01 1.695406914038352364e-01
7.980387573608311857e-01 1.699915517412131927e-01
8.180376867207003189e-01 1.695355859875884719e-01
8.629905720648943790e-01 1.697991294126973139e-01
1.637780814911667715e+00 1.367692335544891669e-01
8.601613134426803198e-01 1.402944058000420713e-01
