7.565724509941458287e+00 2.785140564992517054e-01
5.563493133156377723e+00 4.034337231093537146e-01
2.920081976041258187e+00 5.007597718497935890e-01
2.557311932770714336e+00 5.006891654584978424e-01
1.896245577951649830e+00 4.841764377780391482e-01
1.660001072462546468e+00 5.081617078017187650e-01
1.415596782350568628e+00 5.147879366132483980e-01
1.398806640466698781e+00 4.903227075167723159e-01
1.309925486680068030e+00 4.926714277198057657e-01
1.318999926855150218e+00 4.879300141922592871e-01
1.057192556096103964e+00 4.851502233170640888e-01
1.001794872522336011e+00 4.746727505964054572e-01
9.138376834965127316e-01 4.649031616403020428e-01
1.064449680392789643e+00 4.469680364664118666e-01
9.595268145253113001e-01 4.375098605782977712e-01
9.214505365390984748e-01 4.332008597649935067e-01
8.891956622168010194e-01 4.174828220895723807e-01
1.047649197875116789e+00 4.161647789236546657e-01
9.686623724592444695e-01 4.050508339310021633e-01
9.412362974271103466e-01 4.048880007818418392e-01
9.392325258062963478e-01 4.151971041030224074e-01
1.076633180927095257e+00 4.095982906285818292e-01
1.154602674186690825e+00 4.048886267256427973e-01
1.205326325415239541e+00 4.022156069900291731e-01
1.124897247464014205e+00 4.103342409962699167e-01
1.242249125825385159e+00 3.956496271101195839e-01
1.521502503487878410e+00 3.931223522414989957e-01
1.774564852249989055e+00 3.795528346868330405e-01
2.047681906301457744e+00 3.684598325163837007e-01
5.347581728789516653e+00 2.972047676190380239e-01
2.344881197107484105e+00 3.144068842213248449e-01
