8.027949183569111469e+00 2.696734265652359630e-01
6.553334495248483549e+00 3.735988597044456183e-01
3.913702835750481057e+00 4.713851220052293622e-01
3.390565337814613223e+00 4.822135619575256826e-01
2.625844429363692889e+00 4.711774015108176616e-01
2.272940312802743446e+00 4.968280316384031114e-01
1.929987991822755378e+00 5.062053454612749359e-01
1.815528638228401048e+00 4.896033646798256256e-01
1.645524216224390157e+00 4.917708434928803607e-01
1.575205371084112294e+00 4.940083023856913225e-01
1.253121455920704674e+00 4.908681350395864840e-01
1.136103202213952557e+00 4.865724321263014129e-01
1.015842543194638070e+00 4.764909376900982596e-01
1.108748730215842748e+00 4.633202333450275878e-01
9.529048890839092456e-01 4.556919575157790669e-01
8.759979423704804535e-01 4.535805534489915081e-01
8.184561255993554330e-01 4.389665316624544178e-01
9.422023456850913137e-01 4.383471792159424618e-01
8.305376003234145044e-01 4.271271031095469906e-01
7.998227432542678317e-01 4.285632918347583309e-01
7.714993724706624700e-01 4.408428114669261100e-01
9.037601246745732286e-01 4.371387703311765960e-01
9.560967401824068679e-01 4.369696280427318169e-01
9.804827771159547734e-01 4.368326712236025866e-01
8.671454557065781943e-01 4.458905426178499387e-01
9.485119193486734046e-01 4.301607988345210187e-01
1.208658549124980608e+00 4.270472102983156604e-01
1.430982752007787795e+00 4.187595452337008473e-01
1.696175049855132899e+00 4.028529246513288808e-01
4.864921914121268287e+00 3.260616107154631904e-01
2.061622009494940233e+00 3.399323208481275227e-01
