2.358900440701077184e-01 8.503166359554802101e-03
2.553286248692922533e-01 9.027777223420583100e-03
3.042410339963796395e-01 1.044826272576735923e-02
3.165456427769134939e-01 1.016805389619046193e-02
3.328875757320398643e-01 1.088031301211399120e-02
3.418265703264470878e-01 1.066242977266715526e-02
3.504656143186482553e-01 1.062168632586305353e-02
3.545473284873832398e-01 1.054242424986076739e-02
3.595002601939346620e-01 1.061468558586592219e-02
3.625155409476563118e-01 1.028470009833111140e-02
3.699413390618847552e-01 1.061237731446602536e-02
3.737241544078075961e-01 1.032392553744657798e-02
3.770730105348631955e-01 1.041046192177661443e-02
3.771399576510346408e-01 1.020476009912424202e-02
3.813496479084173552e-01 1.049822203147903615e-02
3.841999564698973524e-01 1.041653487642077436e-02
3.862975180171036027e-01 1.076500939809535429e-02
3.853151770839329249e-01 1.064905148022272582e-02
3.887114472414503474e-01 1.100532164276310162e-02
3.899606007780844763e-01 1.135508529134006926e-02
3.914801700889902758e-01 1.179722058755186022e-02
3.898010122165140867e-01 1.188841305423023881e-02
3.900642450829335250e-01 1.225597082085175607e-02
3.905265871945647338e-01 1.254706430361113463e-02
3.940430286533193605e-01 1.306754986034489897e-02
3.935733108544337555e-01 1.345049970359945245e-02
3.895267806062063798e-01 1.367178988081023221e-02
3.865965184297043278e-01 1.380475677265699530e-02
3.816341657555751832e-01 1.405196697442911979e-02
3.227070937010526053e-01 1.222556684790423662e-02
3.736288283804971022e-01 1.442727943234174519e-02
