1.081143582985176099e+00 2.112712455935834843e-02
1.075459414714512674e+00 2.590371096060717013e-02
8.898053241383800938e-01 3.362986292116021403e-02
7.636882691515042287e-01 3.900787688979494294e-02
6.689168817680035684e-01 4.340041107215351218e-02
6.030030955460671249e-01 4.761973758709024673e-02
5.364620484106378262e-01 5.117894432241062302e-02
4.887146960728622758e-01 5.564296806775908405e-02
4.619349533222172344e-01 5.858445557948171317e-02
4.510910784540381191e-01 6.190612770974983359e-02
4.095187566715520755e-01 6.569893273013793777e-02
3.358415359109527265e-01 6.980547773862637306e-02
2.647236764746833115e-01 7.439108071062916494e-02
2.288216235657787589e-01 7.818250585246067086e-02
1.918832683947002959e-01 8.176369137896163930e-02
2.379379352967598560e-01 8.705409968301111578e-02
2.253978888268202418e-01 9.368215467880192104e-02
2.542935152446011982e-01 9.557062505982821810e-02
2.713045496262847522e-01 1.005364164787618947e-01
4.942856208890760161e-01 9.281105068512672529e-02
1.316619128050636467e-01 1.095633068569005220e-01
