3.051572447161315260e+00 7.641152902839175309e-02
2.397762164081588931e+00 1.251643787273648001e-01
1.666712635328811976e+00 1.496162488386956757e-01
1.271874226026814991e+00 1.625625626298717596e-01
9.899393964315015282e-01 1.698622632337543903e-01
8.815306656175767586e-01 1.734532332985374292e-01
7.653241879680729998e-01 1.756414382274794073e-01
6.209716671752552042e-01 1.777914305027479547e-01
5.711693418921838239e-01 1.754008275959888230e-01
5.677509192484010425e-01 1.762596729330093148e-01
4.906203039721303560e-01 1.772368528963159107e-01
3.664904333215318055e-01 1.734872063800929343e-01
2.992573973947713628e-01 1.701165669680829440e-01
1.996317255693308701e-01 1.705518082357201648e-01
1.942227422737989317e-01 1.682079231360249227e-01
2.789573289644643461e-01 1.653563764836808447e-01
2.562673700128259013e-01 1.652396046062414858e-01
2.965429181459717234e-01 1.611783225777981832e-01
3.547745021254594122e-01 1.561346193979518404e-01
1.110641857215301398e+00 1.350927149191055165e-01
4.321205517124945134e-02 1.265689204866561057e-01
