1.671030567873189876e-01 3.415870553953697254e-03
1.868703160598838287e-01 5.493697757779356268e-03
2.160112163716078337e-01 6.822495382517544150e-03
2.241932493940478055e-01 7.141697552589872100e-03
2.329770219057004654e-01 7.380597783470260916e-03
2.355881000620859422e-01 7.533954996777826769e-03
2.472848215305941677e-01 7.904556274255401457e-03
2.482126179370036656e-01 8.090145513002303806e-03
2.504626491317942794e-01 8.167263690614138053e-03
2.590232945915060814e-01 8.299081184806827646e-03
2.632320008160027314e-01 8.237749096905281482e-03
2.684182212821940583e-01 8.167962989991119430e-03
2.728519010560910285e-01 8.182967620972798548e-03
2.756703237550871544e-01 8.084406194969619153e-03
2.781658022527027097e-01 7.920307695651176982e-03
2.783947583647339852e-01 7.728275747154312973e-03
2.793441028845067842e-01 7.464078031689226622e-03
2.867980818566188694e-01 7.462267813931968558e-03
2.821217405650018328e-01 7.176458148341468592e-03
2.837751506589283323e-01 7.061699812220573191e-03
2.872617534054035526e-01 7.068487174308098371e-03
2.860305449905179986e-01 6.971056042498951187e-03
2.864936470526095458e-01 6.764858383751298429e-03
2.855786342660303068e-01 6.608126639551647509e-03
2.806365639417963131e-01 6.192755324855139624e-03
2.444004851562756875e-01 5.155301549300177547e-03
2.876757769969984779e-01 4.986759489704758845e-03
