1.404454029872288789e-01 4.111091983721103585e-03
1.525519523764714835e-01 5.229529235547304873e-03
1.807116045136826776e-01 6.560776694502413846e-03
1.907738842693213477e-01 6.960169837841243858e-03
2.004870422329531887e-01 7.241082568141589577e-03
2.049443999397552174e-01 7.401225260218288748e-03
2.178108443174069098e-01 7.857861445248250434e-03
2.199328202769426366e-01 7.797334175757886926e-03
2.229342740678695034e-01 7.930800788212366906e-03
2.317448862007749077e-01 8.182502265999454585e-03
2.364347791081643779e-01 8.188426600082445925e-03
2.419990306781293621e-01 8.271652611804366714e-03
2.466330648910510515e-01 8.231894304116641609e-03
2.491971482003650651e-01 8.221092257961771024e-03
2.516472770620800103e-01 8.096299875476976882e-03
2.508857519762466293e-01 8.080961556917971161e-03
2.510466327343998660e-01 7.895804473699736745e-03
2.582393282850149463e-01 7.967165352423727365e-03
2.533061536196750119e-01 7.790937530145701159e-03
2.553342979839321458e-01 7.923484734497977799e-03
2.602062816926300481e-01 8.502877236407605996e-03
2.587316219679940410e-01 8.597562065877190421e-03
2.588321432699235425e-01 8.798367756538243156e-03
2.578391386010309705e-01 8.973211820293014104e-03
2.501642892455545053e-01 8.715923486315543811e-03
2.198948804882312480e-01 7.740795139957085819e-03
2.596963720136086229e-01 8.458050062129946964e-03
