1.953157970258201370e-01 4.909621970050887137e-03
2.249423504415130060e-01 6.790925457558270525e-03
2.519760973245477875e-01 8.060201079878545963e-03
2.560026750710722165e-01 8.159260329585091634e-03
2.617275870403076854e-01 8.062873612943013968e-03
2.607028216517917052e-01 7.838739852479813253e-03
2.694380788673990668e-01 7.902152888874774961e-03
2.682582869868304631e-01 7.532708983664808400e-03
2.687349175412577784e-01 7.424217457809616921e-03
2.757331924846876392e-01 7.327511033125439985e-03
2.784140446418763570e-01 7.059276080410602401e-03
2.820122103659218338e-01 6.869356591129854341e-03
2.847233650231795754e-01 6.687550570554562368e-03
2.859909426573019053e-01 6.551840803973423173e-03
2.865593421426660958e-01 6.322319386465725596e-03
2.861874307255254934e-01 6.185332188992893367e-03
2.867491996073494587e-01 5.802368120689350463e-03
2.920175669555975517e-01 5.641555213357262767e-03
2.868903706366193185e-01 5.365666416195000177e-03
2.871755812968337374e-01 5.234824976855295339e-03
2.885821504999843135e-01 5.322948553667921495e-03
2.867767517895606910e-01 5.274418121733400605e-03
2.864736859250973655e-01 5.268512839195331650e-03
2.850845919523947170e-01 5.222722721385336837e-03
2.801420582441976337e-01 5.013149808868961992e-03
2.426419770655359742e-01 4.300223889455121254e-03
2.865825365885393272e-01 4.431652087054217468e-03
