1.114423845432277321e-01 3.570400036352935468e-03
1.109893528884943470e-01 4.388287898263523723e-03
1.382464721309835942e-01 5.746757110807567022e-03
1.515560508649734239e-01 6.510436632230139423e-03
1.650198750308533857e-01 7.168840805528780072e-03
1.735732426035772602e-01 7.823258880896131681e-03
1.893622508985612074e-01 8.680093807890773214e-03
1.958776862774473937e-01 9.305210605140879637e-03
2.007906127555853237e-01 9.943197734522700448e-03
2.117144857411626946e-01 1.085100091605583836e-02
2.164592350665852649e-01 1.140446519357842838e-02
2.233428978504749252e-01 1.193790968925731791e-02
2.300799606483254767e-01 1.247055087721281666e-02
2.361617019238080595e-01 1.294156896681546848e-02
2.457479618975347002e-01 1.345757530382397753e-02
2.469556783728425187e-01 1.373884189770281303e-02
2.494641170569778521e-01 1.398087808642794506e-02
2.610413846815292649e-01 1.503605271087598422e-02
2.572927584398257417e-01 1.525107850422896712e-02
2.578194662217253019e-01 1.584589699785363820e-02
2.665712219290761742e-01 1.707372328568227196e-02
2.653534505585563585e-01 1.731445966763147520e-02
2.675648832878255168e-01 1.800079842274009134e-02
2.711261514002054618e-01 1.838949538889454727e-02
2.665781460695832439e-01 1.816167597167599873e-02
2.351830258659197981e-01 1.603021456634843786e-02
2.788605659026933692e-01 1.767952671946524529e-02
