1.107022901565835882e-01 3.941206726931253956e-03
1.098262305852127779e-01 4.441913706498597930e-03
1.362690932031935254e-01 5.758274760965037369e-03
1.488110353336102865e-01 6.450386556716942305e-03
1.614048800774683656e-01 6.991956581318407166e-03
1.691148458068392757e-01 7.459165018920481741e-03
1.837853602950095255e-01 8.193147940608800500e-03
1.893742918195382430e-01 8.579195168867485496e-03
1.933739688857535055e-01 9.123619265149533752e-03
2.031064565509081710e-01 9.929932430403564173e-03
2.068558580603415131e-01 1.036592694169832449e-02
2.126093703839060656e-01 1.084523036802077962e-02
2.181763131746014550e-01 1.124617716165830957e-02
2.230780418734034654e-01 1.166975732001881462e-02
2.312362022492550351e-01 1.214318695039590459e-02
2.314746677848676659e-01 1.248788896158386022e-02
2.329223096849355190e-01 1.261832473119144093e-02
2.427900678811950319e-01 1.359204797431298045e-02
2.383788194833975083e-01 1.373027704709265349e-02
2.379437797673931154e-01 1.423286328591197129e-02
2.450701764752475920e-01 1.533187498712803611e-02
2.430079544731167385e-01 1.563281176352248128e-02
2.440863052657847310e-01 1.632992918367132118e-02
2.463793237509304956e-01 1.657767994703521902e-02
2.413103460166675096e-01 1.617297408561509109e-02
2.120683817345634936e-01 1.423900957617693294e-02
2.504814695544536063e-01 1.553031584683251150e-02
