1.403362703318485616e-01 4.091260634566505454e-03
1.525473866551447233e-01 5.205162732731020980e-03
1.808413098214670112e-01 6.504810504087156324e-03
1.910535555514152051e-01 6.901055482741702204e-03
2.009310765312411484e-01 7.183830324814509047e-03
2.055518823771457781e-01 7.331546003223791443e-03
2.186198042571407263e-01 7.791082825138938468e-03
2.209147156092626796e-01 7.750388909027709425e-03
2.240970013480067802e-01 7.888139153706142173e-03
2.331277448823979581e-01 8.136881115533388734e-03
2.380234600316578630e-01 8.144781064448599478e-03
2.438072577993131707e-01 8.239358580058165141e-03
2.486617028767741655e-01 8.266721480224137678e-03
2.514347336189663995e-01 8.295619287706312503e-03
2.540967084963562383e-01 8.242498054774340457e-03
2.535171839251976755e-01 8.312034334800127988e-03
2.538694281554322862e-01 8.141029282349035792e-03
2.613382554756509268e-01 8.310070956306866291e-03
2.565375511844315559e-01 8.009111215437944575e-03
2.587849169768287050e-01 8.081852930675367114e-03
2.639199264655606170e-01 8.479791354269020781e-03
2.626204347992481258e-01 8.487653728050527369e-03
2.629189042572798729e-01 8.620679070682032291e-03
2.621060507820754948e-01 8.578804213837807474e-03
2.544943353172774980e-01 8.081662297927727501e-03
2.238682601084473478e-01 6.937521172257989435e-03
2.645866260211143239e-01 6.894838579810992109e-03
