1.655946280796759262e-01 4.360628479459663018e-03
1.849296415581103414e-01 5.829273016722104871e-03
2.134749243510155603e-01 7.116721164853450667e-03
2.212572221296795205e-01 7.366695941624286717e-03
2.296108316386681059e-01 7.456692539773838481e-03
2.318659573122983097e-01 7.428365903472653603e-03
2.430443101052182364e-01 7.685680751805383862e-03
2.436218358764097869e-01 7.472508487635352338e-03
2.454933228806947809e-01 7.456787317405610786e-03
2.535361526109732311e-01 7.504271534552899199e-03
2.573025649960190009e-01 7.344031644767171942e-03
2.620123624629636661e-01 7.251261973494835256e-03
2.659751919746714544e-01 7.146497676978953717e-03
2.683542770037595226e-01 7.050124510014191964e-03
2.704123982954542149e-01 6.876248542161607878e-03
2.702640468347715652e-01 6.823164765187897038e-03
2.708139845190349893e-01 6.499283022797938680e-03
2.776592715710025083e-01 6.462942428964705069e-03
2.727575936298389236e-01 6.143828593455197794e-03
2.739800980310015399e-01 6.049667820382279362e-03
2.769662296211529151e-01 6.239022315846385822e-03
2.754011716943813859e-01 6.197680270448069004e-03
2.754689947357908397e-01 6.207010057901628589e-03
2.742128474790628267e-01 6.112828775867276514e-03
2.690981416996297004e-01 5.769975082410700763e-03
2.340307186204741707e-01 4.912669846922838000e-03
2.750923132943063343e-01 4.788319906518979756e-03
