1.376364959069134863e-01 4.574084007527649473e-03
1.341366171206899160e-01 5.018130083397230948e-03
1.629363068719280605e-01 6.409217657440116275e-03
1.744644788829082527e-01 7.034801290140093623e-03
1.875869068875644918e-01 7.476412785112175781e-03
1.946696627846282723e-01 7.830725644928539578e-03
2.089527911230828761e-01 8.423071787254262505e-03
2.155783820003692453e-01 8.753872725612380293e-03
2.195227561719812481e-01 9.273027332544408335e-03
2.289505308358610602e-01 9.957254382196387837e-03
2.311607137640269705e-01 1.029020125942846711e-02
2.347848343109685820e-01 1.066412365358889065e-02
2.386083891897165798e-01 1.106035729292753449e-02
2.424698451446826997e-01 1.149034053579108677e-02
2.499492594449860550e-01 1.193102166149855731e-02
2.509137996763852185e-01 1.203971949944806184e-02
2.548637346456142927e-01 1.210093939272379772e-02
2.653893305470342856e-01 1.286956158376606485e-02
2.614137578834054843e-01 1.316618879614239040e-02
2.618287060937699584e-01 1.369295887533589044e-02
2.662649469452436080e-01 1.435744019991845241e-02
2.654669630362763155e-01 1.486711272625840762e-02
2.659630901887740650e-01 1.548673570985559592e-02
2.696440390888237282e-01 1.576219100992860833e-02
2.646105610783149320e-01 1.563855888829166624e-02
2.306981899530304303e-01 1.388823823366167921e-02
2.772467911888680803e-01 1.576543244181190240e-02
