1.385450389986238318e-01 3.883513360739148518e-03
1.354869335888334025e-01 4.788829699762791638e-03
1.651431731466684316e-01 6.197960411299262631e-03
1.774362975627684358e-01 6.898757253970917366e-03
1.914391088920232020e-01 7.444012348807866990e-03
1.993513177100585121e-01 7.995610233748338611e-03
2.147146627784569106e-01 8.736680181375435644e-03
2.222856500119353151e-01 9.378389572456491061e-03
2.271320696282430329e-01 9.971390546973879498e-03
2.377022314437627071e-01 1.072841741148810278e-02
2.408232001367352770e-01 1.119874097044887100e-02
2.454409535204042925e-01 1.164373068608325762e-02
2.502968535258754401e-01 1.212895719864631565e-02
2.552231760400634486e-01 1.265041258285569403e-02
2.640018197850512172e-01 1.315976795515142080e-02
2.659330446217659238e-01 1.324935853522465727e-02
2.710494271773709607e-01 1.349562032392723210e-02
2.832152289831234016e-01 1.435422195267499652e-02
2.799331145616867911e-01 1.467620503404588883e-02
2.813427887088732482e-01 1.525144232828334369e-02
2.870947279079783532e-01 1.586043979545505994e-02
2.872198127808938128e-01 1.628149574813139711e-02
2.887473293286467180e-01 1.681021301922056357e-02
2.937515197507539200e-01 1.721299775207153770e-02
2.892605211377092811e-01 1.737231687155190579e-02
2.530573000891505608e-01 1.548972301701858310e-02
3.051644251583673917e-01 1.773275784790814477e-02
