1.972069443518293108e-01 3.530814281239713116e-03
2.273045500144899311e-01 6.215058518833760544e-03
2.548286844720552557e-01 7.522173748153191362e-03
2.591108131063705189e-01 7.703022578101775993e-03
2.651200675028690390e-01 7.766520407537835791e-03
2.642961876714124969e-01 7.733595648210018873e-03
2.733733702523490350e-01 7.918518330000885383e-03
2.723970797369325569e-01 8.013150312893074431e-03
2.731023683268350433e-01 7.996640268657642311e-03
2.804416301320292182e-01 7.975157886852407563e-03
2.833979079225499298e-01 7.792059571203296953e-03
2.872932878611066942e-01 7.606469165720556452e-03
2.902904452179176920e-01 7.513159707037428761e-03
2.918192786434652408e-01 7.360006635261882695e-03
2.926363952929809664e-01 7.149312948495056483e-03
2.924936145637346274e-01 6.888676894781760665e-03
2.933054377568368176e-01 6.559988002384984675e-03
2.989364998322937006e-01 6.427174100297179324e-03
2.939260005417394517e-01 6.148245072445655476e-03
2.944568142876798911e-01 5.945352878848483673e-03
2.961390183415874011e-01 5.749814963957169088e-03
2.945250070199765813e-01 5.637437555859619968e-03
2.944523578315765278e-01 5.385238424316536425e-03
2.932622163745210453e-01 5.227053096833954651e-03
2.884116165703322077e-01 4.892871975080334210e-03
2.500071540191077801e-01 4.046659888194518995e-03
2.955209603023697951e-01 3.929416285693963090e-03
