2.955556950025204910e-01 4.842053124657277365e-03
3.318800817314150331e-01 7.123961257578363855e-03
3.883968742828679543e-01 9.078944102875735958e-03
4.002224946638837100e-01 8.991316796440131792e-03
4.168959322263335321e-01 9.041111200991986188e-03
4.250814300186024908e-01 9.494027163996181587e-03
4.327115997932576286e-01 9.776314948799878432e-03
4.355323514650420447e-01 9.607277373978343957e-03
4.397023630993647791e-01 9.436730238105570795e-03
4.421880176653347205e-01 9.268617364450162585e-03
4.497411321681628049e-01 9.227161813130612539e-03
4.528240067114963074e-01 8.986630439339135176e-03
4.560785453478881091e-01 8.763930352254083178e-03
4.551861421385748341e-01 8.494506172747180034e-03
4.596901661969882147e-01 8.266078085860082553e-03
4.625449402542050614e-01 8.042657566307677766e-03
4.647577647876549034e-01 7.630925414730013560e-03
4.625386676609984371e-01 7.477159463162931334e-03
4.657018404917778742e-01 7.113080287029710687e-03
4.672063980571162789e-01 7.175430908034506963e-03
4.683859843015307223e-01 7.381292848938576789e-03
4.662892194516475297e-01 7.422612329996901639e-03
4.659503896942940315e-01 7.563040883907522736e-03
4.663637788920828031e-01 7.916188501446515605e-03
4.697756517570795820e-01 7.972866657690024297e-03
4.687042559099404149e-01 7.839016189739006490e-03
4.638325467631490562e-01 7.722407923736004931e-03
4.593551293386171075e-01 7.590918712480579193e-03
4.539947354719638950e-01 7.308355869162307117e-03
3.842594267422511090e-01 6.134045682872085563e-03
4.411323849401195818e-01 6.264691628081235641e-03
