3.530927315209257400e-01 1.108074607275400317e-02
4.113921872550024283e-01 1.373486351160721312e-02
4.630427516723550352e-01 1.540324058094047315e-02
4.664938683765696426e-01 1.517864869578498636e-02
4.768716931696415084e-01 1.544067500041942757e-02
4.790303887322062137e-01 1.640563668264212113e-02
4.813548888457272468e-01 1.599852145620975566e-02
4.792798546399936188e-01 1.598045139025545958e-02
4.791310366526908560e-01 1.607091045000318824e-02
4.773240516907732434e-01 1.590567662209600719e-02
4.811413530434858199e-01 1.576999699905091631e-02
4.808476662043219552e-01 1.533903346617429206e-02
4.817678468265730318e-01 1.528285001294797316e-02
4.776838493786171869e-01 1.507383698936701731e-02
4.791215644961890341e-01 1.537221054209204907e-02
4.794991260233166797e-01 1.525052123956429154e-02
4.797618777979352767e-01 1.568823093480478659e-02
4.756787177409334544e-01 1.570098069161717999e-02
4.768894622551115847e-01 1.608421427577473237e-02
4.772688857531098283e-01 1.635962962480617608e-02
4.767256848379711198e-01 1.708528749101196481e-02
4.740057815395966601e-01 1.729916720038555608e-02
4.722215226225758844e-01 1.776224512708155651e-02
4.708772824786912614e-01 1.809187145358276058e-02
4.722458846614375205e-01 1.872261122940265324e-02
4.691165917810924957e-01 1.894638645392701312e-02
4.634291645987154151e-01 1.934324994772947115e-02
4.578368896473496430e-01 1.960927731942439453e-02
4.519371800521779781e-01 1.989497807554071671e-02
3.827553738307815090e-01 1.724574695746256339e-02
4.425102381846646726e-01 2.056660899945500845e-02
