2.488192355036320802e-01 4.719245687024186189e-03
2.697588695910823064e-01 6.460966532666850143e-03
3.258800055166322651e-01 8.521223876013325760e-03
3.422568336873819672e-01 8.849397549338583469e-03
3.624729761494414615e-01 9.122549038689385659e-03
3.740402330394298480e-01 9.649839621324875563e-03
3.850171136584275566e-01 1.011006835500175699e-02
3.911730351242497794e-01 1.030450349378499338e-02
3.987872427954526344e-01 1.021403203025861121e-02
4.042852251979269229e-01 1.038259124827122480e-02
4.148308228193343661e-01 1.039555572994233304e-02
4.196528735473878946e-01 1.046938320823386989e-02
4.242179448666056341e-01 1.037170800775601143e-02
4.256212679606845017e-01 1.023051673903890499e-02
4.326928868557010088e-01 1.018419158143943175e-02
4.376008888605044667e-01 1.018014952956767215e-02
4.414971630366823496e-01 9.916564503813736497e-03
4.410332687897185466e-01 9.826860786397441719e-03
4.457995465505681931e-01 9.696547761298614232e-03
4.489293935941953140e-01 9.862482621848011125e-03
4.518141160158952729e-01 1.025273727035186724e-02
4.497679142773541860e-01 1.027364390067906676e-02
4.502271378904559307e-01 1.056675317921519641e-02
4.515012702722663862e-01 1.110113192896497285e-02
4.578656853515258862e-01 1.141109722979598631e-02
4.589783944384355219e-01 1.092843336003575250e-02
4.543929981188855050e-01 1.099877917833323900e-02
4.526424092160936108e-01 1.109463161934295256e-02
4.494397278388068684e-01 1.072606438862620630e-02
3.783445442078586796e-01 8.997920155460281330e-03
4.311456050248170246e-01 8.968611600181107535e-03
