3.224973661753554044e-01 5.135364896540406052e-03
3.689021547820223734e-01 7.741179545770474763e-03
4.240188011477720731e-01 9.643976442409919747e-03
4.323903212844047439e-01 9.304803593887798693e-03
4.465495529844480393e-01 9.329606915497281119e-03
4.522588723995660254e-01 9.736318172614265645e-03
4.577123199788500907e-01 9.958247914031766873e-03
4.584901671441874993e-01 9.662869813312966599e-03
4.609445881875055551e-01 9.487438779873956160e-03
4.616623293116653981e-01 9.137986683992011319e-03
4.677808501429538413e-01 9.074404127802242204e-03
4.695687449489964194e-01 8.672737107089729253e-03
4.721058329336854098e-01 8.447780540562256635e-03
4.699492076777865845e-01 8.072019030021112054e-03
4.733113517160319472e-01 7.775057134925603824e-03
4.752563554899167375e-01 7.459106491897915699e-03
4.768912926488331760e-01 7.044640912516481231e-03
4.740294989530030589e-01 6.827526639442858467e-03
4.765830243008468137e-01 6.467690871850235133e-03
4.779447927749220781e-01 6.497133041210396628e-03
4.786449108430628763e-01 6.647657058037261153e-03
4.765564780787685528e-01 6.628164069424164959e-03
4.757813632816908500e-01 6.749493639145363877e-03
4.756623067650322945e-01 6.938647596315642742e-03
4.784178573431235870e-01 7.024398947292744520e-03
4.767052330247532055e-01 6.945270218211851282e-03
4.716756632827063256e-01 6.863572975972791375e-03
4.668785814187747518e-01 6.570837478351221859e-03
4.616875095196458223e-01 6.479208929600690885e-03
3.913139866888555862e-01 5.386619089531868507e-03
4.509684709588114848e-01 5.522721915419351833e-03
