2.296655947254477026e-01 8.501495654935775290e-03
2.453478471832698238e-01 9.660317596389442901e-03
3.004832912629027963e-01 1.214210816509084766e-02
3.186233146961447438e-01 1.314699761032805947e-02
3.401005428815234710e-01 1.418531167958855636e-02
3.532878758505575423e-01 1.576651184494996458e-02
3.658002044548256393e-01 1.631699043535572366e-02
3.737281404148267150e-01 1.728213941635016807e-02
3.826346514844136681e-01 1.812943422404724239e-02
3.897192290510524404e-01 1.903550365314714971e-02
4.014273592669989066e-01 1.989383396728720832e-02
4.072751967280062724e-01 2.069151384000314162e-02
4.120021210398782108e-01 2.139907282563508623e-02
4.144439093308658895e-01 2.219552500206027970e-02
4.223969061701378092e-01 2.353593683001005063e-02
4.279945173102116529e-01 2.445483054753817484e-02
4.322301827775235084e-01 2.512982121096214369e-02
4.322326476668284512e-01 2.614429470003914319e-02
4.370647156903704755e-01 2.726880228481368823e-02
4.398183052678938942e-01 2.838526866278707692e-02
4.426994814259088140e-01 2.997757128711930549e-02
4.406563720580692900e-01 3.106888749106375205e-02
4.414175390729254134e-01 3.213698305085574414e-02
4.432425437549325498e-01 3.319521679746068044e-02
4.500395879802818744e-01 3.442232992700212935e-02
4.512193994492720850e-01 3.559473053453508090e-02
4.465950642374591495e-01 3.636833542310944495e-02
4.453432407054082609e-01 3.756712399754303516e-02
4.398908714820526922e-01 3.799507733286078964e-02
3.691722855732504915e-01 3.306064048665185301e-02
4.198270005712296804e-01 3.843340200535077383e-02
