5.455575533146468814e+00 6.435179216546917103e-02
4.980463836643362008e+00 1.035579660556186360e-01
4.285692708742246282e+00 1.249911927097888398e-01
3.949211025406671460e+00 1.353018067051363904e-01
3.705457058167855866e+00 1.409004276526645560e-01
3.607193098702570211e+00 1.431983514245626088e-01
3.509294144795737758e+00 1.445999004704347224e-01
3.394823147877869207e+00 1.457492259312578864e-01
3.347732658328241850e+00 1.427794760520832429e-01
3.333591368452768045e+00 1.430465359870397857e-01
3.269104122505933407e+00 1.438128430385958723e-01
3.175232209262932148e+00 1.414757342374657889e-01
3.118037552199167894e+00 1.391428152783510397e-01
3.040833982562249460e+00 1.392488864699086282e-01
3.028305903705516222e+00 1.374690917642955035e-01
3.091674359689830176e+00 1.358090361097048504e-01
3.062513364628310697e+00 1.366069340250406772e-01
3.094376386939243773e+00 1.341298748252846007e-01
3.159140581073482945e+00 1.305281627905787445e-01
3.781330821421941657e+00 1.146349637943848560e-01
2.813679885863572316e+00 1.083455827739698146e-01
