7.260359083264383839e-01 1.563750379410328017e-02
2.196508705238167936e-01 6.949651717649610143e-03
3.160932847558044489e-01 9.315097441863076991e-03
3.570543497681786804e-01 1.016686359670103228e-02
3.793904166463102356e-01 1.070222745735686064e-02
4.018059120340915502e-01 1.142696879005015986e-02
4.340735727763068708e-01 1.211734493173345813e-02
4.619392422774160623e-01 1.264218181779094320e-02
4.643552850834128387e-01 1.287118142912716499e-02
4.653997681312661006e-01 1.330197597849890404e-02
4.727080500731500323e-01 1.362528431579793087e-02
4.829026389678323095e-01 1.407984247403810084e-02
4.853279854743635657e-01 1.461824331527800634e-02
4.890551158402479670e-01 1.547291160308600713e-02
4.912672289645119150e-01 1.584524713879723740e-02
4.903002268364209382e-01 1.637742742767241480e-02
5.012687491061699196e-01 1.719643104255113089e-02
5.035919351512436748e-01 1.768310356646151868e-02
5.078035779837215546e-01 1.832561445943267989e-02
4.640476896201168877e-01 1.828055826796996797e-02
3.573109600654530982e-01 2.858049073216089100e-02
