5.367269173383498737e-01 1.380796779795232659e-02
1.519060040195830408e-01 5.957591391632756535e-03
2.274369051387528096e-01 8.658282678021990766e-03
2.697720201491526915e-01 1.056756426687768986e-02
2.943116023298810169e-01 1.256647635964644460e-02
3.163148908587506969e-01 1.498376789962501190e-02
3.509771042397148988e-01 1.823721604430000170e-02
3.897788545895642387e-01 2.170437587339256458e-02
3.987300585610864534e-01 2.388967403331807016e-02
3.931409894192999244e-01 2.597689159943562809e-02
3.994959388603967487e-01 2.817570908555854653e-02
4.049728869675952025e-01 3.078840891967805915e-02
4.077216523080373634e-01 3.307374841522303655e-02
4.119151196120762748e-01 3.498795293220505198e-02
4.222111528232552202e-01 3.768945492755127608e-02
4.342116725526445897e-01 4.077099963595019749e-02
4.252971872679763843e-01 4.269320460845366094e-02
4.184552539803706450e-01 4.376293413998566528e-02
4.560832336303110579e-01 4.983269169594210096e-02
4.149502806881364414e-01 4.937528844908525144e-02
3.169262705750414688e-01 6.937948597644472137e-02
