4.660019353082418547e-01 1.208664062244630202e-02
1.244799478552385125e-01 5.266453150061205582e-03
1.916054255105682780e-01 7.995449542513959063e-03
2.308585922981700733e-01 1.027405320895841655e-02
2.526666007853178297e-01 1.275327099489866056e-02
2.775314695444974777e-01 1.571419319495496666e-02
3.062649850888655156e-01 1.897869396438373740e-02
3.413946083833707679e-01 2.270066064056355110e-02
3.545082542246769108e-01 2.527121461258441393e-02
3.537653467330854062e-01 2.770061539120371660e-02
3.565590449598867173e-01 3.023703656491463776e-02
3.529340686007772510e-01 3.294735700438904125e-02
3.457374140424063769e-01 3.480857475122988570e-02
3.538263369911151535e-01 3.786030833293292652e-02
3.760745703561083619e-01 4.246372184900434193e-02
3.911032432788763002e-01 4.700582339320696218e-02
4.025994967753671605e-01 5.088148315029709240e-02
4.039794777611752097e-01 5.208946189274740735e-02
4.227217661957533013e-01 5.712029686230485348e-02
3.730615450551076351e-01 5.592154513453059805e-02
3.014780274444245345e-01 7.993233274337468997e-02
