1.110498088956630047e+00 3.603590527630957940e-02
3.079191480689320026e-01 1.301415173988548779e-02
4.709652862347584179e-01 1.751853852287140606e-02
5.133744777934650116e-01 1.854774121923396038e-02
5.627025946060238981e-01 2.033248603818297098e-02
5.941849381101674821e-01 2.225000109776685553e-02
6.202944681555088158e-01 2.270439530669871031e-02
6.431014782213987369e-01 2.385301302093457282e-02
6.597720243768855353e-01 2.572585670449371864e-02
6.775736641437665186e-01 2.673054396413084358e-02
6.968335767932728464e-01 2.754164359429174536e-02
7.105074270677492754e-01 2.820634297172879348e-02
7.134263771824727041e-01 2.951626888834935417e-02
7.157086024273184854e-01 3.093343396225148659e-02
7.252737404258833287e-01 3.246583593100523663e-02
7.336249635163292204e-01 3.293796476102321680e-02
7.492904582138751879e-01 3.482726584133082753e-02
7.450813723013105516e-01 3.582443291054163842e-02
7.533967587582670600e-01 3.758556909249753664e-02
7.543983029127220297e-01 3.871557217555821051e-02
7.517543186876652905e-01 4.066982269349240370e-02
7.525716434958218404e-01 4.199816360187620667e-02
7.492162923980156819e-01 4.297383343009744672e-02
7.450884080028118417e-01 4.285062248219184688e-02
7.487418532599299237e-01 4.353305382802372808e-02
7.469712100402255972e-01 4.409112934704263742e-02
7.422392814731649802e-01 4.427653539054549753e-02
7.413925743399628621e-01 4.501271035945468568e-02
7.389142501283554321e-01 4.560140444914288771e-02
6.212869916559176087e-01 3.993170814566329718e-02
4.042046837663138548e-01 3.531136546661623604e-02
