1.312993897908457219e+00 2.861159710827125904e-02
3.908762717375327544e-01 1.114649847993767241e-02
5.738397693914533138e-01 1.451599833999352857e-02
6.141712370414295075e-01 1.380524709672841660e-02
6.665960854773101962e-01 1.496461218543294544e-02
6.947255283114842639e-01 1.545161087936539925e-02
7.153346262750370776e-01 1.572802956615741710e-02
7.336419662138385922e-01 1.567492413202816251e-02
7.449475672859553477e-01 1.651367020756770720e-02
7.571270818304243200e-01 1.628468672056043037e-02
7.725702984249738225e-01 1.787919661565841659e-02
7.809306177131360993e-01 1.766145486057500366e-02
7.841136614942724181e-01 1.653786981778320245e-02
7.858626229951726216e-01 1.556329595666724672e-02
7.987588969346844925e-01 1.513059663219996388e-02
8.055095181672299320e-01 1.534754867856178394e-02
8.167312167409167545e-01 1.529439039883313117e-02
8.149009206414212780e-01 1.505463314826466746e-02
8.229329142322906465e-01 1.483395447756433692e-02
8.215516861555924866e-01 1.594071704171252934e-02
8.187165762043978612e-01 1.582082053410481873e-02
8.200886740806253572e-01 1.516905035680383290e-02
8.161644487091040956e-01 1.489326484935806459e-02
8.137526305003293103e-01 1.477281341231644583e-02
8.207913893690641505e-01 1.499459433375231396e-02
8.206002866193983225e-01 1.488207359023840763e-02
8.146459682988221873e-01 1.397575129607028788e-02
8.134579170489492084e-01 1.356702003190563867e-02
8.111908371987984756e-01 1.261955612664271593e-02
6.818186704684756627e-01 1.014928028986237032e-02
4.344276519536495185e-01 1.942157178443977214e-02
