1.017587437898547220e+00 2.111866986899013643e-02
2.783154301541595488e-01 8.341052147079882836e-03
4.319210581993467857e-01 1.134593144387506872e-02
4.747259060722854862e-01 1.143725389765659108e-02
5.286288886187755498e-01 1.194503257222547486e-02
5.618934612431014664e-01 1.255922560193240521e-02
5.875553471287504603e-01 1.396075603566294780e-02
6.121637233338019790e-01 1.482397615907829480e-02
6.338574593988419714e-01 1.578103726887154432e-02
6.523152883781750955e-01 1.611986155869038484e-02
6.742818642857725253e-01 1.786808927335883576e-02
6.880234639991269496e-01 1.898515750952266962e-02
6.966203091468037290e-01 1.805391271908576498e-02
7.024012530669198062e-01 1.738065617445466726e-02
7.231374905328499247e-01 1.665401017828171265e-02
7.328510883886452110e-01 1.819397133923912613e-02
7.441186357961289133e-01 1.908065826290660655e-02
7.426299114349955710e-01 1.975026727850031846e-02
7.514917310659163796e-01 2.018368984874601910e-02
7.566941553450977631e-01 2.292639415944115744e-02
7.632132307594982068e-01 2.328442064975666873e-02
7.667459116191520652e-01 2.192354285704994216e-02
7.657971380232658776e-01 2.220578981321849610e-02
7.585875213280752760e-01 2.271954764891323184e-02
7.684617941941985775e-01 2.297999109459939598e-02
7.708790571583022944e-01 2.206470576402672079e-02
7.621560623873321338e-01 2.255686894650457686e-02
7.697774968964369302e-01 2.308710252342828853e-02
7.734875908472867989e-01 2.236617597634152355e-02
6.478872538813571502e-01 1.743255372054667435e-02
4.451268157700652983e-01 3.356875598603686200e-02
