5.259514333147632392e-01 1.609686772834780996e-02
1.450756849604083742e-01 5.727290911472303347e-03
2.181237626528947371e-01 8.240224331941093522e-03
2.593171418493260272e-01 9.524758886142400266e-03
2.832563666007237857e-01 1.088367632685043745e-02
3.058489602063469981e-01 1.220349203193711249e-02
3.384786772308397973e-01 1.350419718991486065e-02
3.756500032466711936e-01 1.512428463951455415e-02
3.851766940536235362e-01 1.587525385708563747e-02
3.804424190920496773e-01 1.683384213570266255e-02
3.886747803505534726e-01 1.781895068706085272e-02
3.930381138858817791e-01 1.901997463461839108e-02
3.954822682188777194e-01 2.036430929871917150e-02
4.013123044005960094e-01 2.185551663684606044e-02
4.107331860972576743e-01 2.271764572673494464e-02
4.243086008480961291e-01 2.347763442204322051e-02
4.165139469844919562e-01 2.511508457833787344e-02
4.065273270961083374e-01 2.615336444280058625e-02
4.401915305722907679e-01 2.851062795219796303e-02
4.015625663827316894e-01 2.703955173230730355e-02
3.112451495488329223e-01 5.812474148020756182e-02
