6.142127101166668934e-01 1.737490339572716688e-02
1.723279158465716443e-01 6.117370236862495342e-03
2.565926900978595659e-01 8.806590021409241992e-03
2.987796617701330981e-01 1.003062349807214843e-02
3.219616534065803393e-01 1.089401068731262780e-02
3.492683900407187458e-01 1.196161103177346627e-02
3.802821580176443117e-01 1.263093549292790274e-02
4.073549617681103685e-01 1.335814453838050746e-02
4.100748480718148237e-01 1.327893769552565204e-02
4.134039317528310775e-01 1.349330759759139430e-02
4.197540809815561991e-01 1.397791888764123892e-02
4.292862819727040202e-01 1.440335235167360464e-02
4.323316416383941041e-01 1.518815311064820872e-02
4.402605051828694660e-01 1.596124098521014417e-02
4.488577945102374955e-01 1.600918896992611223e-02
4.464460967018377691e-01 1.703808522190122798e-02
4.589712923100821573e-01 1.784249408261414857e-02
4.603365854156190040e-01 1.877963499410680026e-02
4.667516446258569984e-01 1.945547755922987995e-02
4.342778777628104603e-01 1.832582793488062370e-02
3.589137640930387674e-01 3.694172960871267009e-02
