5.261341845079683388e-01 1.624733607046594669e-02
1.451836735246931076e-01 5.759854349546625167e-03
2.183727313046766594e-01 8.343471414551932586e-03
2.597161317195920138e-01 9.724724490647563072e-03
2.838047459372833314e-01 1.118795388454768731e-02
3.065626602887537300e-01 1.264145880081305427e-02
3.394031252394796305e-01 1.400890986883133495e-02
3.768254209311939773e-01 1.584878061891919349e-02
3.865352197505534937e-01 1.652903610240679180e-02
3.819357215341623313e-01 1.736813453083714195e-02
3.903552100080266429e-01 1.844882556687623895e-02
3.948940222017370272e-01 1.986018096438606217e-02
3.975073680176849367e-01 2.112276245499096483e-02
4.035272951659021889e-01 2.231503534032763109e-02
4.131640338719900774e-01 2.321698076879866526e-02
4.269891348649051399e-01 2.466402902581048967e-02
4.193115366964558777e-01 2.622113134933489950e-02
4.094202148037097699e-01 2.723183841522490781e-02
4.434998667926369764e-01 3.033733194245662526e-02
4.047410990588005686e-01 2.842038938374972720e-02
3.138332481450966660e-01 5.794160591061709581e-02
