7.099294221116382309e-01 1.941903908252697389e-02
2.078197524992512479e-01 6.889585927415113609e-03
3.005535060917932655e-01 9.641322412957255977e-03
3.403289110858323530e-01 1.057518113932342727e-02
3.614514354514550276e-01 1.099416309333147053e-02
3.830713148138866764e-01 1.154228587627161712e-02
4.140018403779032741e-01 1.179786663933052836e-02
4.406105460123656004e-01 1.207811318905984733e-02
4.433258448645380212e-01 1.170627477722343407e-02
4.438342684617002654e-01 1.158618633761777754e-02
4.516573499000944292e-01 1.175566566366506756e-02
4.624005998262155082e-01 1.176431086035368417e-02
4.640170096635235497e-01 1.202113759380078230e-02
4.676992990530026151e-01 1.237456422929928204e-02
4.705072272601775185e-01 1.206331524193138792e-02
4.691285970553324414e-01 1.235503074816349592e-02
4.791779468361911931e-01 1.256792757779377941e-02
4.787172720243356161e-01 1.288709893913825982e-02
4.838162347004352215e-01 1.295584780479653621e-02
4.429113517687930379e-01 1.176005910039821557e-02
3.482763622147297955e-01 2.548586892172919130e-02
