4.588052903563645257e-01 1.391487113743128737e-02
1.199495400618812158e-01 5.012361960534467836e-03
1.857140843413707110e-01 7.394270625613353319e-03
2.252087051606446455e-01 8.819401397972848403e-03
2.472322343411923196e-01 1.030516997833804543e-02
2.726699259443221002e-01 1.185963516428186447e-02
3.013310533822554649e-01 1.315882000449259195e-02
3.358439160259349410e-01 1.473112414551508084e-02
3.492501866942035460e-01 1.569116314174312521e-02
3.493552568687106619e-01 1.692801684090282713e-02
3.543767802605016226e-01 1.815042130842517420e-02
3.542245910253064012e-01 1.974431507386292806e-02
3.469527496324302240e-01 2.174251468159269299e-02
3.567797497527283590e-01 2.372850923853778160e-02
3.780007549476280815e-01 2.572730784068943954e-02
3.917492462056177960e-01 2.795931560177985359e-02
4.016857368966670339e-01 3.020880278157014875e-02
3.961282968789253123e-01 3.182587638386443624e-02
4.143993418838416987e-01 3.473404042642610351e-02
3.689989444054256884e-01 3.304142571985076160e-02
2.935477436701240395e-01 6.687964583223472703e-02
