8.191192448257883507e-01 2.258586760038733265e-02
2.520737490822786975e-01 8.235227151796687545e-03
3.514663979144110884e-01 1.114131318893681749e-02
3.871818993973257239e-01 1.173579944261002490e-02
4.040884526014160150e-01 1.176444949240252995e-02
4.188417605538968802e-01 1.185484251926927253e-02
4.485287541342436457e-01 1.181204085890208942e-02
4.739114963698157768e-01 1.182209618151315242e-02
4.747466480713408155e-01 1.129015561823487959e-02
4.742662239864338658e-01 1.085578690550612416e-02
4.835639522647288135e-01 1.074792859962669760e-02
4.935172188518945346e-01 1.056985064715050375e-02
4.957815778497942083e-01 1.065759313941586420e-02
4.979130837259277409e-01 1.063378952369670519e-02
4.959629115719665915e-01 1.006051722933529007e-02
4.913150540269547450e-01 9.759697347294465225e-03
4.981319735737380627e-01 9.595213490860668090e-03
4.989700143401369359e-01 9.524332751162337130e-03
5.034144542856515692e-01 9.386635098986339035e-03
4.602996763233337396e-01 8.275024757879922629e-03
3.449123979732771628e-01 2.066321611342647468e-02
