5.615105849321165588e+05 5.616906764520290308e+05
4.644616774659771181e+03 4.645676503096847227e+03
2.119709780545887412e+01 2.094495618147924887e+01
2.829601778965204595e+00 2.522431883644090433e+00
8.635512649111574124e-01 5.111535228704866540e-01
4.205711709162909817e-01 4.826182394437026485e-02
4.176905897103977972e-01 1.811644450027789788e-02
4.574458781474580737e-01 1.917722498559428987e-02
4.932423121516674724e-01 2.020229328718264883e-02
5.131607699672463552e-01 2.180875046492168970e-02
5.273832388946347871e-01 2.392224410902241138e-02
5.391860850992561405e-01 2.558584319970959309e-02
5.461202033042801274e-01 2.661869512403603269e-02
5.760477898038850464e-01 2.948941978831788255e-02
5.953288216058715276e-01 3.197948187016027427e-02
6.078546742881908438e-01 3.313909514528293188e-02
6.154032263394555446e-01 3.525864328103450046e-02
6.457833680281390709e-01 3.952321564236822155e-02
6.617883066342832299e-01 4.281518045314117171e-02
6.358479037153375035e-01 4.444809181219157995e-02
6.609279275447532687e-01 4.570310060947839481e-02
6.429042791414796287e-01 4.787107926310171790e-02
6.427380209364775832e-01 5.243624158826100390e-02
6.461719604250384386e-01 5.541882748113022977e-02
6.553852158166363351e-01 5.919799034960873674e-02
5.687021905972112767e-01 5.490758667031474249e-02
4.244474288459271771e-01 1.069484711075795597e-01
