7.096702484704549008e-01 1.930752875693939052e-02
2.076609462792439742e-01 6.860952056325832042e-03
3.002039388118643015e-01 9.558969664665899202e-03
3.397973704774444603e-01 1.044267827466272350e-02
3.607428279528239745e-01 1.081889777835592752e-02
3.821676889557821810e-01 1.130551101020920921e-02
4.128603606011084226e-01 1.154269858958805774e-02
4.392202812474234608e-01 1.171726900328448097e-02
4.417505820464496247e-01 1.132875932948869228e-02
4.420806368178408774e-01 1.118456271254660538e-02
4.496932058829160028e-01 1.127000183100790483e-02
4.602059348207057643e-01 1.117120796459305197e-02
4.616303026078528715e-01 1.142269881654654241e-02
4.651078927691019160e-01 1.165384297468018485e-02
4.677134632123763902e-01 1.130883834287365296e-02
4.661568409684835324e-01 1.150444375210054986e-02
4.759524415500259176e-01 1.164455201663059693e-02
4.753050359728893115e-01 1.186114312214550832e-02
4.801758768078868700e-01 1.180409218754957176e-02
4.394032798005227947e-01 1.075660952212169862e-02
3.453799040820950128e-01 2.517531107147305200e-02
