6.140155302702809959e-01 1.722040463766288595e-02
1.722107160690246608e-01 6.090428536269966962e-03
2.563260807104816852e-01 8.706968949757061885e-03
2.983620131261875419e-01 9.854132750380347958e-03
3.213961179788341060e-01 1.065341041077918875e-02
3.485296581843532748e-01 1.163280078666324886e-02
3.793415270201946909e-01 1.223548928227027009e-02
4.062014124313145791e-01 1.277269043995824319e-02
4.087667212611735268e-01 1.268781155925374597e-02
4.119371707884287304e-01 1.292771635934677511e-02
4.181145555391820312e-01 1.339527706199398864e-02
4.274559339545871417e-01 1.375863040411524560e-02
4.303336845350012041e-01 1.454212745929863229e-02
4.380685021957548275e-01 1.511858304832114884e-02
4.464625667701018763e-01 1.525741417623279438e-02
4.439042377758132263e-01 1.622389136055346973e-02
4.561942040644946794e-01 1.688646542371127421e-02
4.573868910593648085e-01 1.761074130939486310e-02
4.635942690032781588e-01 1.818792314692771819e-02
4.311852427495090345e-01 1.713192563605308097e-02
3.562298235311561756e-01 3.666855477995620283e-02
