8.192563769609140234e-01 2.264557948579234287e-02
2.521609947929618345e-01 8.257179977967477741e-03
3.516508620626427328e-01 1.119382566920622095e-02
3.874543217698108721e-01 1.181784236082113367e-02
4.044450188721072648e-01 1.187053204180081763e-02
4.192862446642023899e-01 1.198924938226926355e-02
4.490849654286629411e-01 1.195322001512873558e-02
4.745839620094285394e-01 1.201418138223218045e-02
4.755052410666401608e-01 1.150492845316089703e-02
4.751089208212551096e-01 1.108934756472929398e-02
4.845097205318159017e-01 1.104009732144296992e-02
4.945708020985586373e-01 1.091884513428173845e-02
4.969287644657481295e-01 1.103426762590425242e-02
4.991543693076136434e-01 1.106581578838137722e-02
4.972881689345809986e-01 1.056645255682150432e-02
4.927159086418890777e-01 1.033485791923620910e-02
4.996415187342763131e-01 1.020155497906078193e-02
5.005715191478813386e-01 1.018211873370722040e-02
5.051204567045337601e-01 1.010345002163840974e-02
4.619420881190354211e-01 8.906071387333737779e-03
3.462049369064107429e-01 2.080639996677098938e-02
