2.581509409057218818e-01 3.464899343811100318e-01
8.311063585241995622e-01 3.587261513037672822e-01
9.510463762431086154e-01 4.358023547290077460e-01
9.999565112829128521e-01 4.575050875310078258e-01
1.029901225505669426e+00 4.892015173161731734e-01
1.054309869044464110e+00 5.055954516428065038e-01
1.052266336932186963e+00 5.197319869330442321e-01
1.048723907173949366e+00 5.320629179411530130e-01
1.065272451148532529e+00 5.454209149953221925e-01
1.149599482865040212e+00 5.577467787616343653e-01
1.201693846424591650e+00 5.774243993129969388e-01
1.187319535734902010e+00 5.922420590438252086e-01
1.198374969974039361e+00 6.039060934270447101e-01
1.277446354447670629e+00 6.144116105669804595e-01
1.370541296066603021e+00 6.377746212262951353e-01
1.458787553713337681e+00 6.651144867119550552e-01
1.521596524594481137e+00 6.872314503282143106e-01
1.497873496147948291e+00 7.015791532361562721e-01
1.469104075245808438e+00 7.189131553983124645e-01
1.519936961936136477e+00 7.356240211890230363e-01
1.495825066684470572e+00 7.551440636056536704e-01
1.475126172313909523e+00 7.769798091486888048e-01
1.459443776132311354e+00 8.017112912723469709e-01
1.515097883473005780e+00 8.299828958434060100e-01
1.555065073248917740e+00 8.568283824026362572e-01
1.556877463909413395e+00 8.729098709482121521e-01
1.545920418782709804e+00 8.751935048581369614e-01
1.478242566857078000e+00 8.955246079413491378e-01
1.405891116685940689e+00 9.069712498302128223e-01
1.091236304188425654e+00 7.827414278846122064e-01
5.415698861468973835e-01 9.298687383442165721e-01
