6.428549961911621535e-01 8.203096527914462976e-01
1.620312499059514133e+00 9.126694791169737142e-01
1.811522947916656134e+00 1.028115887187023070e+00
1.876808759633886492e+00 1.027822126958924720e+00
1.915679629060907052e+00 1.050371591775895119e+00
1.963219159714005402e+00 1.044384314090279542e+00
1.953615135933256752e+00 1.038372916848838923e+00
1.927585041430923463e+00 1.027150743576097591e+00
1.928230736261958622e+00 1.013363415179960203e+00
1.967213220240863647e+00 9.965214256202749032e-01
1.995180164599643202e+00 9.939761871733441279e-01
2.000245559801303585e+00 9.858616280802650067e-01
2.009939614037669298e+00 9.837355024271209336e-01
2.039417947094770867e+00 9.700437620784014836e-01
2.118309399422932948e+00 9.679610719847714373e-01
2.186044853553544609e+00 9.755330235616822554e-01
2.228660165391648018e+00 9.815201899138947805e-01
2.196913130909023515e+00 9.737347288549625945e-01
2.230771569809072652e+00 9.768383649228574717e-01
2.240962032423234440e+00 9.772016793408713209e-01
2.231827718854635378e+00 9.797704149913409877e-01
2.234774412708464997e+00 9.811425809809899423e-01
2.256672836894948908e+00 9.881208408749474481e-01
2.291056213993980517e+00 9.992208514410317877e-01
2.346677887749243574e+00 1.014613687318616897e+00
2.347433131339240475e+00 1.020741710318901152e+00
2.344466462990772104e+00 1.021934522730810535e+00
2.308854194185316899e+00 1.025529078096562685e+00
2.290048435960513107e+00 1.024394701358781745e+00
1.932495193155564950e+00 8.805733885662897498e-01
1.557088520572523116e+00 1.042972465435012319e+00
