2.265669768018827301e-01 8.420931915161491282e-03
2.431185889226334940e-01 8.716002326818631657e-03
2.974558023927001416e-01 1.043953282943383548e-02
3.147947658141693195e-01 1.040167625937974023e-02
3.356004403241167333e-01 1.132309650680386054e-02
3.483666284776572586e-01 1.120113655716942040e-02
3.602719103109252030e-01 1.131098551331819607e-02
3.679470086934825135e-01 1.137182239679171772e-02
3.762611132334859887e-01 1.169424943023334405e-02
3.833637378853353428e-01 1.145586723385643227e-02
3.947966076142317982e-01 1.198829927290258161e-02
3.993840730917591619e-01 1.195397823166195403e-02
4.034011642079585735e-01 1.219599185528087194e-02
4.058790710223398879e-01 1.209321956830900630e-02
4.138841875475172127e-01 1.299031314274595034e-02
4.198036027702837236e-01 1.301374685446712344e-02
4.255917268306290691e-01 1.335164317671988163e-02
4.262533570980067688e-01 1.347458954529885330e-02
4.313309979145388273e-01 1.417329665374565499e-02
4.349024626651669112e-01 1.515220294923076520e-02
4.386970605158999059e-01 1.652679858439030230e-02
4.365310801079373970e-01 1.705319452874427474e-02
4.370165053631600571e-01 1.774694559998839932e-02
4.381883988172177724e-01 1.804145440220581917e-02
4.456409115741281068e-01 1.862946362426572827e-02
4.473578454058539933e-01 1.908214722437353433e-02
4.434998630947768472e-01 1.962750708218672507e-02
4.427404712817701871e-01 2.054838710616565395e-02
4.378314953919109631e-01 2.099490878228316842e-02
3.676965705343694379e-01 1.857875773286669224e-02
4.169039469799853959e-01 2.218672451578201574e-02
