2.488192351851186701e-01 9.076683097112778209e-03
2.697588686135163338e-01 9.563218089671173330e-03
3.258800035719101040e-01 1.128470471107178436e-02
3.422568308427642036e-01 1.115177166114098874e-02
3.624729722872539472e-01 1.229107315513817966e-02
3.740402281773350102e-01 1.251472349242920869e-02
3.850171077512608009e-01 1.266791768239427032e-02
3.911730282058231700e-01 1.265935611808070675e-02
3.987872348077002860e-01 1.333931974367031335e-02
4.042852161525054000e-01 1.349246104537170886e-02
4.148308125657068079e-01 1.402486640603938135e-02
4.196528621910086687e-01 1.370603540390465634e-02
4.242179323924280543e-01 1.412390345365531659e-02
4.256212544476916659e-01 1.376015917655102477e-02
4.326928721040679826e-01 1.374458759822109848e-02
4.376008729159173716e-01 1.366743647407037306e-02
4.414971459153695932e-01 1.486754109242226056e-02
4.410332506527230301e-01 1.517486713957223038e-02
4.457995271727218656e-01 1.552015994839824400e-02
4.489293730281231354e-01 1.660036423971408825e-02
4.518140942587305364e-01 1.756388794241754356e-02
4.497678915645795250e-01 1.787003270132602253e-02
4.502271140992712972e-01 1.795669102261750541e-02
4.515012453555471983e-01 1.790096428172485016e-02
4.578656590104531743e-01 1.824532998517646581e-02
4.589783669576179559e-01 1.825090424976375317e-02
4.543929698476292245e-01 1.822971431096624337e-02
4.526423799928733782e-01 1.845001551851388477e-02
4.494396977689821826e-01 1.854297773735787483e-02
3.783445180079209602e-01 1.605563413640429329e-02
4.311455741579668932e-01 1.877425429688195369e-02
