3.521356900500665632e-01 1.565656755903354486e-02
4.108439558198846431e-01 1.869736948958787906e-02
4.630645644906400960e-01 2.011107104862187508e-02
4.671603696943905648e-01 1.901930556546033158e-02
4.782127963630915524e-01 1.963351610768870187e-02
4.810412397207691759e-01 1.818186419039434856e-02
4.840433162869432482e-01 1.732539944779498339e-02
4.826225513484066476e-01 1.648356929413289165e-02
4.831392669318627098e-01 1.568576393408806571e-02
4.819821404520298613e-01 1.424793282042278141e-02
4.865079130160119836e-01 1.401635032447498021e-02
4.868826866124311148e-01 1.340508333837249488e-02
4.884883677019552506e-01 1.290244090747326433e-02
4.850165612122611658e-01 1.217561767172909912e-02
4.871484488804802560e-01 1.218232716266891974e-02
4.882058975768450715e-01 1.184282540629092058e-02
4.891482823444425754e-01 1.214254152347279438e-02
4.856552791726611584e-01 1.167926627456268747e-02
4.875640932954303230e-01 1.175218078464670274e-02
4.886261513237717402e-01 1.195715030067796489e-02
4.887443288105520200e-01 1.201289769059922519e-02
4.866272382574912680e-01 1.195549000443312145e-02
4.854652500561486006e-01 1.222393495178324824e-02
4.847521065865468826e-01 1.207817999375405439e-02
4.868327030703815117e-01 1.248817947239208408e-02
4.842748902832735847e-01 1.271006121739974570e-02
4.790646383474106984e-01 1.283329407656510525e-02
4.739375637959120091e-01 1.238550656180171898e-02
4.684767221438827511e-01 1.240423088972326948e-02
3.973112271440322751e-01 1.062297548115397929e-02
4.599731268369623427e-01 1.241614120026181441e-02
