2.955556950025204910e-01 1.052687657326950230e-02
3.318800817314150331e-01 1.158439674193799222e-02
3.883968742828680654e-01 1.309236346494600974e-02
4.002224946638837655e-01 1.262271950328449494e-02
4.168959322263335321e-01 1.342766355959448994e-02
4.250814300186025463e-01 1.300577109406526009e-02
4.327115997932576286e-01 1.288248814238218166e-02
4.355323514650422112e-01 1.271847215990705958e-02
4.397023630993647236e-01 1.270420306091146062e-02
4.421880176653347205e-01 1.225429035311371290e-02
4.497411321681628604e-01 1.253634782170793931e-02
4.528240067114964740e-01 1.210492938786134932e-02
4.560785453478879981e-01 1.214775561309770248e-02
4.551861421385745565e-01 1.183925910132534523e-02
4.596901661969881037e-01 1.207689204658151522e-02
4.625449402542050614e-01 1.190425113371902481e-02
4.647577647876549034e-01 1.227522375361449203e-02
4.625386676609986591e-01 1.200159301661223900e-02
4.657018404917777632e-01 1.235668526542695392e-02
4.672063980571163344e-01 1.262814731430585320e-02
4.683859843015306113e-01 1.303067907618560110e-02
4.662892194516475297e-01 1.314506752858504018e-02
4.659503896942940315e-01 1.339636437101968287e-02
4.663637788920826921e-01 1.355918208483346266e-02
4.697756517570795265e-01 1.419696803897046479e-02
4.687042559099404149e-01 1.465716519554950172e-02
4.638325467631491117e-01 1.474434790331977628e-02
4.593551293386171075e-01 1.469215885846968453e-02
4.539947354719640615e-01 1.478616376739728608e-02
3.842594267422511090e-01 1.277229963033457878e-02
4.411323849401195818e-01 1.478407948277739303e-02
