3.788203367174288738e-01 8.045130839042811954e-03
3.953358672613520586e-01 8.554908625863510280e-03
4.787563117926498801e-01 1.057777209101631692e-02
5.027290213694175502e-01 1.035925253042391421e-02
5.331280812634767718e-01 1.136586048885660991e-02
5.499160698638017042e-01 1.138157692239990214e-02
5.668425186167957985e-01 1.184650903179075218e-02
5.766624379555562729e-01 1.221518886521883243e-02
5.879783315256981169e-01 1.226767637672575642e-02
5.950916404192855280e-01 1.207574151240417212e-02
6.102134988041458818e-01 1.242349030023261192e-02
6.177938464407786157e-01 1.223380712757808977e-02
6.243442982723115264e-01 1.245317165709848226e-02
6.249814270138777106e-01 1.225140386639320816e-02
6.333348321690799310e-01 1.265129095193292912e-02
6.385542645560225994e-01 1.271613947727874734e-02
6.432041683388143305e-01 1.304596401584932897e-02
6.431148829742732165e-01 1.296649786083953031e-02
6.492191910182226744e-01 1.336090819724207283e-02
6.530077046910545135e-01 1.382582832023645028e-02
6.570654262953746771e-01 1.460939659940688022e-02
6.538819019243298225e-01 1.462381045849997160e-02
6.544016987592128354e-01 1.515062802552558617e-02
6.553069619855874661e-01 1.571007877036595390e-02
6.629670803731894102e-01 1.643543933364947224e-02
6.636473194822209987e-01 1.636304078868823508e-02
6.558554687338991052e-01 1.681825990680045277e-02
6.533394772560644492e-01 1.698571026974852669e-02
6.480618658706135404e-01 1.701283932463881418e-02
5.459599501336186433e-01 1.495965761207844469e-02
6.361715583584701683e-01 1.761191413392506136e-02
