1.351619402182662466e-01 1.001018964521767710e-02
1.530720626761580827e-01 1.137050514507971337e-02
1.865513257840727412e-01 1.438367326584573044e-02
1.977323243490603233e-01 1.530882706802131135e-02
2.105261977003242690e-01 1.596839079029893638e-02
2.185734051186599969e-01 1.668600271180828085e-02
2.257583635427078406e-01 1.715805633753605258e-02
2.302149959971973858e-01 1.716966107783427994e-02
2.355879247798824405e-01 1.734483827186352259e-02
2.408347078000338815e-01 1.760727702029820860e-02
2.483739504025561096e-01 1.789778969600561154e-02
2.515498367375541555e-01 1.818723502962265454e-02
2.544981437168488125e-01 1.808341316839773977e-02
2.570947477835597295e-01 1.793683691848689879e-02
2.632040976046691183e-01 1.796113977588582877e-02
2.678942532539860255e-01 1.792164134240182422e-02
2.712578104082990493e-01 1.777019289467329441e-02
2.708541679910141942e-01 1.791191290219737095e-02
2.735608334197067726e-01 1.795257101047430595e-02
2.758770651009088137e-01 1.827629364378370938e-02
2.773721376248560189e-01 1.870760263003919815e-02
2.759902978007315877e-01 1.923400814191567054e-02
2.762617593189419796e-01 1.988393193799264935e-02
2.780856977993277912e-01 2.066496272217385743e-02
2.828648290110231112e-01 2.146145711638850623e-02
2.838244913457803609e-01 2.159895706652365660e-02
2.811950147286231272e-01 2.165090199298957616e-02
2.798050764608804308e-01 2.225425921141002683e-02
2.760666171464164487e-01 2.195014768216893217e-02
2.307281836898291416e-01 1.859382561703888312e-02
2.523506427508903638e-01 2.119412537072415392e-02
