4.969055678111170549e-01 1.077323887852866743e-02
5.626746461795792964e-01 1.245177703688219936e-02
6.470718139965293547e-01 1.450950219134766565e-02
6.596559343958686705e-01 1.362541671242496928e-02
6.814035960388802327e-01 1.456019660680228298e-02
6.899663521834377145e-01 1.430605697735050537e-02
6.985016618322963389e-01 1.445978220459709709e-02
6.998788060062902661e-01 1.430938904462851491e-02
7.036880962693169428e-01 1.415658314303481873e-02
7.045507813338673930e-01 1.339455602052893810e-02
7.138760872135825331e-01 1.356560962243835190e-02
7.166211598840976915e-01 1.287301864277039069e-02
7.205002869355862094e-01 1.284984133573001917e-02
7.169585802823745802e-01 1.241235028496028014e-02
7.216714342774273039e-01 1.247775095602465106e-02
7.242547101445506730e-01 1.212494786351082064e-02
7.265189280173899311e-01 1.221376707974547796e-02
7.222781326811532621e-01 1.180837703652581547e-02
7.260262915968064279e-01 1.203330787170635297e-02
7.280760912604077317e-01 1.209483691350507310e-02
7.292230364626478556e-01 1.232416948049250630e-02
7.259591208307976107e-01 1.228318668378816994e-02
7.246129818518363130e-01 1.283649282607586886e-02
7.242053087129105560e-01 1.278753297342522140e-02
7.281264019493839390e-01 1.309300317304639034e-02
7.254605792807298226e-01 1.324772683188215477e-02
7.176652727044691149e-01 1.338394585951400463e-02
7.104426241667726183e-01 1.302903611095395688e-02
7.024989752857576653e-01 1.326077756967829722e-02
5.954743241597200143e-01 1.143744598891841165e-02
6.905918494250252726e-01 1.314257520709597241e-02
