9.957186648143838692e-01 2.421248026898500591e-02
1.139595386988708547e+00 3.107671915345476890e-02
1.331967928950889890e+00 3.806990108427642933e-02
1.372928907167644708e+00 3.749941076517639832e-02
1.429382544040873837e+00 3.858891475347569350e-02
1.457721418504019484e+00 3.975253957118223685e-02
1.482910649008100767e+00 4.062230661598140863e-02
1.491756910633866839e+00 4.047887939328143059e-02
1.505660155719832805e+00 3.949239415117547503e-02
1.515497002014966288e+00 3.851574702767945890e-02
1.541461969406015653e+00 3.850399381217829015e-02
1.551820580638995750e+00 3.767041471082807624e-02
1.562911849056621838e+00 3.706006907849861143e-02
1.561351074512022929e+00 3.637405972469757998e-02
1.578497344026794424e+00 3.574323030057192235e-02
1.590106617666996458e+00 3.513717534768916184e-02
1.598716059014137825e+00 3.408996243949048710e-02
1.590664049944049863e+00 3.340000710500505565e-02
1.601654178644497994e+00 3.245896366453766141e-02
1.607188252032441644e+00 3.273477306396786746e-02
1.610673408539090135e+00 3.313865254556894874e-02
1.603731465230987530e+00 3.363692204142193498e-02
1.602945042945838061e+00 3.451813322774605064e-02
1.605207295184916561e+00 3.635768947992570888e-02
1.617602357233227872e+00 3.652096766814535295e-02
1.613917298089315278e+00 3.671254116498504083e-02
1.597385037082698078e+00 3.632248775919332678e-02
1.580996861722295366e+00 3.647526945403502946e-02
1.562143069692230934e+00 3.596546812327271886e-02
1.321367677747383729e+00 3.114084052030995434e-02
1.498520873496554717e+00 3.508291401440619128e-02
