8.658923445892312276e-02 2.562687609830918960e-03
8.527656221182441931e-02 2.691842211094133772e-03
1.047639319053864926e-01 3.486018542427781960e-03
1.171758813222373297e-01 4.039696526326991277e-03
1.267022742710163519e-01 4.495214804659628839e-03
1.332082809569142545e-01 4.931184364175075427e-03
1.398659718739211077e-01 5.315605545340104827e-03
1.443841562187696270e-01 5.803186647236419082e-03
1.464116095757095615e-01 6.113685643329471071e-03
1.474722999859456041e-01 6.521018332180925949e-03
1.515924619251373673e-01 7.027192303526643737e-03
1.590204121716021490e-01 7.712597965915255621e-03
1.663193621883385653e-01 8.336045466767442666e-03
1.699413777797706970e-01 8.892768286254229201e-03
1.759774225477428455e-01 9.625465248274451061e-03
1.710188883821804617e-01 1.049908287864552078e-02
1.734253311648446816e-01 1.158317604887078474e-02
1.698814976976426305e-01 1.207508868618340815e-02
1.654950595646481892e-01 1.280159516879132015e-02
1.424994418280728092e-01 1.187529518004600687e-02
1.789979922347294250e-01 1.500059097785045280e-02
