8.954817969540009026e-02 2.144797063630116737e-03
9.835432409651799490e-02 2.766188601299970906e-03
1.174650138361853086e-01 3.388704654660892098e-03
1.284837172777912595e-01 3.702862467379363851e-03
1.367457904023837989e-01 3.885654529112623611e-03
1.405603009910553203e-01 3.980500432148035769e-03
1.436018809226322912e-01 3.999406762258355882e-03
1.474217086499519658e-01 4.110894136508167103e-03
1.494200655332253436e-01 4.097162129714622403e-03
1.494718119306129855e-01 4.187019915031395430e-03
1.515842142512832114e-01 4.285770462531920261e-03
1.548629338212785533e-01 4.323849280647775253e-03
1.569538396249992029e-01 4.348673218621015336e-03
1.598899128950582449e-01 4.482063663339250388e-03
1.609085024148250442e-01 4.554422352039973372e-03
1.595783547541451131e-01 4.692482896750335870e-03
1.612478634006489220e-01 4.848228580830534276e-03
1.610293820915761620e-01 4.902454778096335293e-03
1.599159261080892180e-01 4.945735942081519280e-03
1.443547996442241244e-01 4.516135704983128413e-03
1.652687240571363292e-01 4.310386406139054931e-03
