6.807672781449568278e-02 2.035783861936636425e-03
6.899017367327936467e-02 2.325098127095952521e-03
8.620733828302244717e-02 3.014277489657195535e-03
9.855571630384177273e-02 3.495921990596486274e-03
1.083948554707259287e-01 3.900356299369033691e-03
1.149881490485367835e-01 4.281891869825993693e-03
1.198703102469125537e-01 4.629691988576947748e-03
1.240317046958148151e-01 5.116455505052713848e-03
1.271701752971050314e-01 5.448374297736293705e-03
1.275439084262189604e-01 5.872437706837674645e-03
1.309957308922112262e-01 6.361999939282194684e-03
1.354683792198211056e-01 6.842426062203440726e-03
1.392154308444646382e-01 7.298859082210046485e-03
1.425663131860852306e-01 7.838971471895947798e-03
1.466665125754856303e-01 8.395788623404218387e-03
1.429630548949711588e-01 9.012277692724455017e-03
1.437849348931129756e-01 9.862391399463059719e-03
1.420663957842002445e-01 1.026588367847761085e-02
1.381158820077566796e-01 1.088093356609558422e-02
1.165438080379383595e-01 9.901869966090326436e-03
1.381033229511132443e-01 1.126525765916780268e-02
