1.272400476415488924e-01 2.530984271751258226e-03
1.455775688405646084e-01 3.518024143561722644e-03
1.632272426118592801e-01 4.093394424827899621e-03
1.695389532471600902e-01 4.233525097601197225e-03
1.737377809186577693e-01 4.220736276684820126e-03
1.746578644032723004e-01 4.104721718538985667e-03
1.764478281798317061e-01 3.868048474807969216e-03
1.786210355558363327e-01 3.710382305708116724e-03
1.789292584624769533e-01 3.457457436036482680e-03
1.791680989847291017e-01 3.315453974896559637e-03
1.805652848060843030e-01 3.262160119823123705e-03
1.826397334815828277e-01 3.128841390704965170e-03
1.839665507339064421e-01 3.045607890375665212e-03
1.859977365776796510e-01 2.999414702734416391e-03
1.862480587567563461e-01 2.920116305747401299e-03
1.843693333976426652e-01 2.867974824538130178e-03
1.847650395848305094e-01 2.839531300816000754e-03
1.841764788245341122e-01 2.837941403908661366e-03
1.825501041044199912e-01 2.776102333517287916e-03
1.641636330290160428e-01 2.480627906115110467e-03
1.950352643188361934e-01 2.600065990118220413e-03
