1.272087837409208999e-01 2.537202763426016968e-03
1.455777586888346575e-01 3.528769137145675201e-03
1.632677845473502198e-01 4.111552078055088523e-03
1.696229617420579316e-01 4.260002947103583640e-03
1.738668171371893223e-01 4.256051915321415295e-03
1.748307692379333922e-01 4.146145604974531794e-03
1.766661436355980164e-01 3.907233124190225351e-03
1.788862268885475226e-01 3.754398792535878875e-03
1.792391815949400946e-01 3.503423358279568640e-03
1.795227800585456057e-01 3.364018506267089318e-03
1.809674328405042609e-01 3.317915160625965493e-03
1.830917274661832683e-01 3.197806066849290946e-03
1.844673939292984788e-01 3.126621318109892595e-03
1.865501897123124087e-01 3.100453451224171285e-03
1.868474089176994923e-01 3.034660017872921247e-03
1.850083370242901759e-01 3.012938939800830201e-03
1.854512233266353560e-01 2.994004892009570571e-03
1.849061507608709964e-01 3.019710721266454217e-03
1.833186145175149384e-01 2.995452925876029935e-03
1.648954700975430732e-01 2.711870968807074400e-03
1.959531290269630466e-01 2.994258216247815303e-03
