8.666626052286555137e-02 2.548569880686957050e-03
8.527002817250517452e-02 2.664971910392366448e-03
1.046547817302444089e-01 3.427336628136908384e-03
1.169408051512945829e-01 3.928832353311264951e-03
1.263260235415154253e-01 4.320158572569831115e-03
1.326845034355025321e-01 4.713833756983015072e-03
1.391815316344049147e-01 5.064791311130142394e-03
1.435389111671501183e-01 5.505653800340741706e-03
1.454139888495868671e-01 5.797030476212831213e-03
1.463260639440506772e-01 6.188772373713608173e-03
1.502690038616069368e-01 6.681343375425113917e-03
1.574799399264607269e-01 7.287382016757968511e-03
1.645491869906604010e-01 7.893601666245768714e-03
1.679703508101252352e-01 8.406868750491958142e-03
1.737684835763423086e-01 9.028447443668329714e-03
1.687091751955474839e-01 9.780977256552922730e-03
1.709179675471128312e-01 1.076540129309323975e-02
1.672637513453374136e-01 1.114726582148639102e-02
1.627876109406710126e-01 1.182689854815032957e-02
1.400328873119765505e-01 1.094454830878563260e-02
1.757298767045973320e-01 1.331304415893469484e-02
