1.084580790901348291e-01 1.799111098684634405e-03
1.218856173855544095e-01 2.862012359856408710e-03
1.414914813132459592e-01 3.493769184338909456e-03
1.511437152805384099e-01 3.754603861094686027e-03
1.582307790409420711e-01 3.940552157256647751e-03
1.612587819369289688e-01 3.998592159477295550e-03
1.642864129708662413e-01 4.009385253651779994e-03
1.677905703471045396e-01 4.031444863134194673e-03
1.694056336233409898e-01 3.892069366325144435e-03
1.700947455535010977e-01 3.849999953765602303e-03
1.722106784111752387e-01 3.807245555240599925e-03
1.751664540715639207e-01 3.730306725148784842e-03
1.770901891312906540e-01 3.637571980159493533e-03
1.795892170374104035e-01 3.644005859351034417e-03
1.802531888805869731e-01 3.611033767028565267e-03
1.787523573894898576e-01 3.569021322678382190e-03
1.798917364056033807e-01 3.599249611106067771e-03
1.792865317710163886e-01 3.513219615260047921e-03
1.777347092626987979e-01 3.445536910934077646e-03
1.601556619035768014e-01 3.083397093380031446e-03
1.882889116579882505e-01 2.866432026695536761e-03
