9.128454511558763140e-02 1.841830679251365253e-03
1.005729186740772635e-01 2.636273313169913354e-03
1.204878435499042166e-01 3.299693103525584616e-03
1.321995242893755085e-01 3.645182275336319565e-03
1.411376451374923569e-01 3.932406941662768864e-03
1.455253597345138317e-01 4.111266671341581858e-03
1.491362550442609791e-01 4.253653694594755445e-03
1.535789334574606813e-01 4.420401222258727933e-03
1.561443345740053390e-01 4.410323920878707338e-03
1.566836607129359626e-01 4.510443223972821457e-03
1.593916217095439070e-01 4.576198381835023740e-03
1.633450946442165097e-01 4.640450863121185592e-03
1.660648282578134627e-01 4.627424439858560806e-03
1.696968903237719151e-01 4.762290567745013949e-03
1.713085001736271151e-01 4.872853925819229347e-03
1.704201742523582530e-01 5.005133759013548345e-03
1.727380817536618984e-01 5.218730799745731862e-03
1.730399384786153183e-01 5.214682977667399293e-03
1.723772885018803047e-01 5.260647442223641626e-03
1.560869727188128886e-01 4.847511401625298651e-03
1.792557953737958787e-01 4.612471402516110652e-03
