1.063018801772469268e-01 2.233098699353046595e-03
1.192137365727452963e-01 3.039545587969843220e-03
1.381016710591180807e-01 3.623275038704052136e-03
1.472154988957661836e-01 3.853212024497419674e-03
1.537974763585549520e-01 3.925055223481611899e-03
1.564142869882521880e-01 3.903803239701512506e-03
1.590191738669433641e-01 3.779504366922704396e-03
1.620728231452717716e-01 3.733420725265872847e-03
1.632921461395061835e-01 3.573124987430039215e-03
1.636150115708547570e-01 3.518929100242646716e-03
1.653054333450924840e-01 3.520904741014905734e-03
1.677925949944820139e-01 3.433013331821224094e-03
1.692821457015479536e-01 3.380011128393223610e-03
1.713135488408613349e-01 3.390830750126544273e-03
1.715889089089170094e-01 3.344164499467139687e-03
1.698059232242814520e-01 3.343798443933813577e-03
1.705324661068980119e-01 3.348639586257258927e-03
1.696048730069901755e-01 3.326900961053863050e-03
1.677867683552152489e-01 3.265589683821411553e-03
1.508768329731993429e-01 2.927162008498408220e-03
1.770108180202572545e-01 2.774923042367255423e-03
