9.521261981687679508e+03 9.524217172064525585e+03
6.428578040990378213e+02 6.429229161382330631e+02
9.987858838560927666e+01 9.976910414284084538e+01
9.386741163316314029e+00 9.242475704799112179e+00
8.041784058284016101e-01 6.461173895667162714e-01
2.058719651864856504e-01 3.918848775515115790e-02
1.801802690571850107e-01 7.839262845550781789e-03
1.878934935504868176e-01 7.930740352772941426e-03
1.966875503771429445e-01 8.384886487765160976e-03
2.035605456577145866e-01 8.901553179809779462e-03
2.095723191008495301e-01 9.506271625948071319e-03
2.134537512159047357e-01 9.987006273586045840e-03
2.177697856731247716e-01 1.048551058353323386e-02
2.184493983529424421e-01 1.101527663358937287e-02
2.200297201917214562e-01 1.162965147775184283e-02
2.233803897907699065e-01 1.206585944291906770e-02
2.244124970222644566e-01 1.252504575352550095e-02
2.338953064492982348e-01 1.332164613740273278e-02
2.379332794308639532e-01 1.408483968046798235e-02
2.384990421245168912e-01 1.463456483577216770e-02
2.467662168631115926e-01 1.575607994427868572e-02
2.450130463194134800e-01 1.641049643736713914e-02
2.507592785861744167e-01 1.745678436669998237e-02
2.503487567474493303e-01 1.796954046273711511e-02
2.493753111799087152e-01 1.813153531013890485e-02
2.117939778518229121e-01 1.628829206454010525e-02
2.377320327840392322e-01 1.689652085452064689e-02
