1.200924827473813350e+00 2.789353687903131998e-02
3.446604571910422132e-01 9.331923544186902786e-03
5.167166677677589304e-01 1.261348060526732047e-02
5.581475503056265719e-01 1.229197925751166799e-02
6.090428033701483779e-01 1.367584565168404598e-02
6.390426475166460785e-01 1.443005218684632711e-02
6.624941123311991475e-01 1.491022115125087075e-02
6.830219663072588654e-01 1.484940325522874673e-02
6.974021955202285294e-01 1.586046500874636889e-02
7.125280729434081417e-01 1.583232185032391187e-02
7.300206077671901328e-01 1.721764157360111680e-02
7.415561263822182392e-01 1.739632196661886759e-02
7.446657150371713829e-01 1.647582618309351155e-02
7.467591410046755529e-01 1.594595522897406317e-02
7.582950762939995037e-01 1.527296033746582474e-02
7.653749727770070566e-01 1.540557311582417890e-02
7.787772723953152454e-01 1.565580108900574419e-02
7.761031145323269431e-01 1.552099918406500689e-02
7.840766141513546561e-01 1.527755250663949405e-02
7.837039138069695765e-01 1.649014323349386191e-02
7.811355207294232716e-01 1.653914415178827854e-02
7.823834465870203037e-01 1.594593964274778827e-02
7.785090983745748261e-01 1.575765686586421549e-02
7.753452982096258328e-01 1.546802520638209354e-02
7.809554984406880118e-01 1.555919406920108251e-02
7.802197650490885206e-01 1.563501223425349529e-02
7.750211015650815272e-01 1.459568188822715253e-02
7.737932301565394466e-01 1.422246438434277178e-02
7.710199423650903050e-01 1.334331800703417864e-02
6.475779030556753080e-01 1.082705248296460775e-02
4.155148904586272729e-01 2.166062557571396888e-02
