1.109530262447279592e+00 2.261391359285703714e-02
3.080961644807655442e-01 8.815774816383526932e-03
4.719182268663414948e-01 1.173536859181619797e-02
5.151579267200159240e-01 1.195879915536002605e-02
5.654748433345302416e-01 1.265442293434057043e-02
5.979767089809515657e-01 1.325395056557791829e-02
6.251565656674189508e-01 1.405552967171437920e-02
6.490806390820631488e-01 1.477429789408230172e-02
6.668701873534541580e-01 1.533177141798237192e-02
6.858547995211791148e-01 1.565982885796810692e-02
7.063712132768892316e-01 1.685044400765738776e-02
7.212748746357252605e-01 1.724644728685314002e-02
7.252865149752131257e-01 1.690993922227105456e-02
7.286600117468917670e-01 1.695697649294219261e-02
7.394671937133343587e-01 1.650992295506257396e-02
7.490646762783356172e-01 1.676271468287893196e-02
7.661674146684951392e-01 1.728805296028433289e-02
7.629664474895888615e-01 1.759366239809349516e-02
7.725982854311226333e-01 1.807094400371531476e-02
7.747453065875719025e-01 1.982241790085417094e-02
7.731476525331610894e-01 2.003453883196222585e-02
7.751087130431916217e-01 1.930306649567254534e-02
7.727699756635019179e-01 1.902550181437187224e-02
7.696248688952250783e-01 1.915782578649225659e-02
7.745182483461467982e-01 1.895309963820418497e-02
7.738052405770623476e-01 1.912344766175498242e-02
7.700164383572822846e-01 1.784533881690816837e-02
7.702514994326451481e-01 1.801074681249180409e-02
7.687880451014230676e-01 1.691474630886535824e-02
6.473409762192222638e-01 1.417944272578901960e-02
4.217649038711463461e-01 2.749060547754010597e-02
