1.307487231863984301e+00 3.148139159590400415e-02
3.891384254343679405e-01 1.072798694212229696e-02
5.711438629603905470e-01 1.432670930511023913e-02
6.111311295296245616e-01 1.359927984740046981e-02
6.631285905739380260e-01 1.533896030157236821e-02
6.909367817027721737e-01 1.609860651020011968e-02
7.112534143078234061e-01 1.630234692504873781e-02
7.292716714254877663e-01 1.599306660171993452e-02
7.403224937829031571e-01 1.728992863616556769e-02
7.522359431223598625e-01 1.701744845343121371e-02
7.673851115464120909e-01 1.847292226314691671e-02
7.754929839609118192e-01 1.838381820888206758e-02
7.784567780813232973e-01 1.709969398361349188e-02
7.799956462589054951e-01 1.606742250660628951e-02
7.925949755936301244e-01 1.548995233707108586e-02
7.990911929406105951e-01 1.562996734910919103e-02
8.100183999712347038e-01 1.573307890593174038e-02
8.079985819789391455e-01 1.546998601244960712e-02
8.157560140061689280e-01 1.503030429535134535e-02
8.141807013039114027e-01 1.604002893900095469e-02
8.111656608856336881e-01 1.597806056177280415e-02
8.123194448205648399e-01 1.527681115963478754e-02
8.082277728160056629e-01 1.498718346456969115e-02
8.056354409547447082e-01 1.456387176221645395e-02
8.123983089132642554e-01 1.489641688280387774e-02
8.120035810088632733e-01 1.489857950439601834e-02
8.059076048877349407e-01 1.398776298213575027e-02
8.045286105463080872e-01 1.347337662173785436e-02
8.020833486372549448e-01 1.267001522955325636e-02
6.739930445118966773e-01 1.038937119068349471e-02
4.293327788618006569e-01 1.935903946374589388e-02
