1.307122483762328535e+00 3.142381721184968335e-02
3.889490184162981978e-01 1.070817622203215636e-02
5.707472283074721542e-01 1.428095744785893434e-02
6.105798062407234994e-01 1.351439294148665954e-02
6.623926691303750891e-01 1.524089169515281846e-02
6.900265659623879833e-01 1.596386961487433406e-02
7.101688137006487711e-01 1.615367213687165376e-02
7.280082658378186355e-01 1.577528133075879746e-02
7.388863536458920578e-01 1.705963658253133869e-02
7.506206632250794764e-01 1.675603112310882978e-02
7.655781635553642328e-01 1.824330838421653680e-02
7.735061583308399102e-01 1.811807846242256478e-02
7.763009920327378355e-01 1.680215668583034602e-02
7.776739460901832546e-01 1.577733994452962599e-02
7.900715432555807105e-01 1.513282092220123373e-02
7.963815369977900183e-01 1.523707089660816284e-02
8.071039206880883388e-01 1.529340635693009556e-02
8.049240531721897352e-01 1.498861767305664609e-02
8.124830790850979811e-01 1.449886431534770474e-02
8.107455597639745548e-01 1.545841577013837634e-02
8.075753721880996050e-01 1.535546954666973558e-02
8.085559775091306633e-01 1.476239956455293982e-02
8.043160716451575043e-01 1.451102426552413477e-02
8.015696666352580824e-01 1.404684851696349004e-02
8.081304212384200492e-01 1.434083739788606822e-02
8.075699001195918436e-01 1.430995432443824683e-02
8.013406370508248111e-01 1.337701547231155176e-02
7.998032048238016278e-01 1.281369756596509313e-02
7.972065924735356468e-01 1.196333379644020506e-02
6.697558717281686391e-01 9.628048322967387371e-03
4.265450402558049192e-01 1.911697926881184006e-02
