1.200924827473813350e+00 2.877566411792939483e-02
3.446604571910422132e-01 9.936889834409627295e-03
5.167166677677589304e-01 1.455580220227914792e-02
5.581475503056265719e-01 1.597504389256155719e-02
6.090428033701483779e-01 1.932139501193382708e-02
6.390426475166460785e-01 2.230675834572579119e-02
6.624941123311991475e-01 2.523510234026943994e-02
6.830219663072588654e-01 2.811788759395532009e-02
6.974021955202285294e-01 3.157501988635367379e-02
7.125280729434081417e-01 3.468105991334446275e-02
7.300206077671901328e-01 3.865141618500120280e-02
7.415561263822182392e-01 4.201480754683551561e-02
7.446657150371713829e-01 4.466394613750471199e-02
7.467591410046755529e-01 4.747562186828516162e-02
7.582950762939995037e-01 5.092431713847675456e-02
7.653749727770070566e-01 5.445866383665635968e-02
7.787772723953152454e-01 5.854794442381996283e-02
7.761031145323269431e-01 6.147214180973772230e-02
7.840766141513546561e-01 6.518662136290997999e-02
7.837039138069695765e-01 6.867390962329213144e-02
7.811355207294232716e-01 7.166389808245512971e-02
7.823834465870203037e-01 7.475853792576957202e-02
7.785090983745748261e-01 7.751198838095606225e-02
7.753452982096258328e-01 8.034084065068297642e-02
7.809554984406880118e-01 8.413036335008998445e-02
7.802197650490885206e-01 8.728258538074143424e-02
7.750211015650815272e-01 8.972263213390113679e-02
7.737932301565394466e-01 9.273792614057765893e-02
7.710199423650903050e-01 9.546639277556998038e-02
6.475779030556753080e-01 8.286191064070833057e-02
4.155148904586272729e-01 5.863289149491548308e-02
