1.103947828070104498e+00 2.516295920599851202e-02
3.062637202502502265e-01 8.454745380871129395e-03
4.686794136852481807e-01 1.152364461491767016e-02
5.111511919922927527e-01 1.157858968630887803e-02
5.605600520242518536e-01 1.265217520385814379e-02
5.922335263650914117e-01 1.339189093612118756e-02
6.185821473381671876e-01 1.413149373910674647e-02
6.416631587729858532e-01 1.441300047564795378e-02
6.586422970470876548e-01 1.522708706239987893e-02
6.767688503605556738e-01 1.540781571677548624e-02
6.963715756905436427e-01 1.661041194509836269e-02
7.104094213346395792e-01 1.710658980648138011e-02
7.137027594056511992e-01 1.652149937203494304e-02
7.163620558674281824e-01 1.644241341869943224e-02
7.263173419438782030e-01 1.574007857593047802e-02
7.350665911622688009e-01 1.587240663750821151e-02
7.511573290327706598e-01 1.643084634805931643e-02
7.473302056581538899e-01 1.656537657150193577e-02
7.560677278698978432e-01 1.683771899492710403e-02
7.574705973653466096e-01 1.830573286845222844e-02
7.552124342781956212e-01 1.844172164810028297e-02
7.564307473990130593e-01 1.793256315582389751e-02
7.534538557306061923e-01 1.799816976366338042e-02
7.496963161239141860e-01 1.781137982585706200e-02
7.537681860299214609e-01 1.765969011835978597e-02
7.523807581904871089e-01 1.797117592810598685e-02
7.480073662598130113e-01 1.683858081180437255e-02
7.475466424127148457e-01 1.670004478619786445e-02
7.454392029259516717e-01 1.583361155958164929e-02
6.271025553977870315e-01 1.318270877609396471e-02
4.082026078123024981e-01 2.685996869715676430e-02
