9.319530133121379789e-01 2.108875809735088341e-02
2.458645652730411524e-01 7.333169326326359656e-03
3.879835443419181185e-01 1.019939645605802414e-02
4.292660990616489758e-01 1.077926625680152885e-02
4.770607976132630323e-01 1.160812487850604487e-02
5.106615661467148737e-01 1.248583921920859430e-02
5.387795875717856786e-01 1.389192239754973718e-02
5.643921605912134432e-01 1.475939852593349290e-02
5.868112994917896730e-01 1.541348780341985324e-02
6.095277829019325466e-01 1.587519032090191004e-02
6.327201249169550623e-01 1.688997683301739217e-02
6.512914101532309985e-01 1.816342155958670934e-02
6.575910435723545389e-01 1.796522220898865221e-02
6.624476348097186884e-01 1.831955036648275775e-02
6.746846723791704026e-01 1.757536227505601678e-02
6.845365484877825590e-01 1.838410234035500398e-02
7.046099290565687179e-01 1.960442708715968985e-02
7.009513896334851335e-01 2.025911740181822462e-02
7.090135167702863450e-01 2.124571714417895080e-02
7.122616302597072346e-01 2.316623496249560835e-02
7.149333881511260591e-01 2.369969925048222639e-02
7.188995847335324374e-01 2.311395298458231856e-02
7.188822117341278073e-01 2.416535701148586970e-02
7.110772971818775101e-01 2.466076433214771380e-02
7.154387112167390761e-01 2.538770118195357930e-02
7.148088171242581446e-01 2.554305762809562508e-02
7.128669646237965063e-01 2.534157227853056638e-02
7.215859280205147996e-01 2.540596277413901052e-02
7.218959234518315116e-01 2.454392484696662699e-02
6.037696252932813756e-01 1.985046967988943895e-02
4.081583469317359159e-01 3.598682136426001321e-02
