9.394472852583073408e-01 3.126008912339844903e-02
2.481176842047621567e-01 1.116958340582185211e-02
3.919750845321423038e-01 1.565222754107536626e-02
4.341653166315395107e-01 1.728568062405246020e-02
4.830428340269320997e-01 1.952531093950542196e-02
5.176407589786018448e-01 2.197182577083201666e-02
5.467512752808189047e-01 2.329121621541343362e-02
5.733806368648660667e-01 2.501400843228629434e-02
5.968207258924670411e-01 2.766700672212849335e-02
6.206150646627718315e-01 2.994653955828143616e-02
6.449467139521938286e-01 3.131213933767779817e-02
6.646161879391976335e-01 3.283219189110912067e-02
6.717920080303564356e-01 3.478841359837962777e-02
6.775071393931056951e-01 3.709722628360533764e-02
6.907907997510319698e-01 3.920842662049825456e-02
7.016583864560241857e-01 4.086016697645742518e-02
7.230381572690619540e-01 4.353552850157795667e-02
7.200849566843124938e-01 4.540941965882496628e-02
7.291782912108740744e-01 4.806448634808435649e-02
7.333345454318694889e-01 5.042097051916889089e-02
7.369050840231147204e-01 5.350495158222127318e-02
7.418183716071038436e-01 5.581240728046422267e-02
7.426265435961828532e-01 5.769580146024642919e-02
7.353818763578982010e-01 5.791943299077600277e-02
7.407163371915044259e-01 5.943678769665780570e-02
7.408883531857232141e-01 6.079437860753946626e-02
7.396984945931820432e-01 6.130578622051111037e-02
7.495794634849224369e-01 6.274447085035918248e-02
7.507366055120306969e-01 6.407526382993244951e-02
6.285902526504345555e-01 5.548931963701807940e-02
4.254107329353284395e-01 4.881521599829775210e-02
