1.012402805451586563e+00 2.318857347029024130e-02
2.766286250218298881e-01 7.975374178682466744e-03
4.288865649862746987e-01 1.096877711547389854e-02
4.709331103900611382e-01 1.095669110574573092e-02
5.238964034095755506e-01 1.190048812858965355e-02
5.563226379457633097e-01 1.262812314032822278e-02
5.811654230934194532e-01 1.386062016394394407e-02
6.049184140170061896e-01 1.436320073528500260e-02
6.257473958248683799e-01 1.571691478423365915e-02
6.433439672078816729e-01 1.594349350176676311e-02
6.643629192982043463e-01 1.777396755124481878e-02
6.772443422767123744e-01 1.900540185629285075e-02
6.850408945122198334e-01 1.794987497808189086e-02
6.900552659526004717e-01 1.723819621167140687e-02
7.097374222486269035e-01 1.615648947115602002e-02
7.185728340653150248e-01 1.749391153477432292e-02
7.289126189544310463e-01 1.842057610384928434e-02
7.267481845152037323e-01 1.892111484765684332e-02
7.347066223960894149e-01 1.927579926985470773e-02
7.390747378410371660e-01 2.138826076649429087e-02
7.447184258246266619e-01 2.185652151011008293e-02
7.474392636951282531e-01 2.095642398871866777e-02
7.457897467371316091e-01 2.175729112164237131e-02
7.380513755259329178e-01 2.169664168382703928e-02
7.469325925553235157e-01 2.214436596409220456e-02
7.485548134635567896e-01 2.112282429098446407e-02
7.393660399564483399e-01 2.158862414152819612e-02
7.460347065376899955e-01 2.201146383313795640e-02
7.489027093246078959e-01 2.173190898625074197e-02
6.266856025955062082e-01 1.664758154776087989e-02
4.301424158463350578e-01 3.293479218505943051e-02
