1.017580265405925832e+00 2.110228776377499893e-02
2.783156634757311676e-01 8.324033515117601131e-03
4.319248268225901466e-01 1.132879304046065239e-02
4.747337923357452527e-01 1.141929992998690080e-02
5.286418396536317621e-01 1.192558464226901004e-02
5.619116589525769978e-01 1.253429381025674555e-02
5.875790100852109621e-01 1.394230257011436734e-02
6.121932056369848718e-01 1.479952196384674672e-02
6.338929859123916266e-01 1.575541998644191047e-02
6.523569944635264628e-01 1.609712297862347583e-02
6.743302931600848593e-01 1.784910477745588545e-02
6.880783066090625510e-01 1.896752490271297678e-02
6.966813316394971922e-01 1.803651895481120371e-02
7.024683222244462177e-01 1.736598539165797733e-02
7.232122435715041542e-01 1.663787809690860792e-02
7.329326260867322640e-01 1.817799332928191763e-02
7.442072965874955148e-01 1.906474913117013614e-02
7.427242526055961580e-01 1.973786863165480701e-02
7.515931257182261183e-01 2.017981398023039122e-02
7.568022207216993369e-01 2.292558751159267522e-02
7.633282474010758545e-01 2.328270480022175820e-02
7.668675088108487525e-01 2.192412661803693624e-02
7.659246254870886172e-01 2.220700717403060326e-02
7.587197924712826280e-01 2.272390955887599109e-02
7.686018489171007051e-01 2.299321264514361113e-02
7.710256334031894143e-01 2.208287122501533320e-02
7.623069922323626457e-01 2.256856899374536790e-02
7.699360083889805750e-01 2.309683808258587365e-02
7.736529680062886882e-01 2.237833038053181275e-02
6.480308877192221262e-01 1.744532328466915153e-02
4.452290099414021873e-01 3.358211374121906206e-02
