2.010324739242825398e+00 4.549002393588023191e-02
1.925754705146546231e+00 5.678162073589260866e-02
1.526676430944718277e+00 7.398465434963591436e-02
1.213357384377729442e+00 8.632042538563561296e-02
9.613421967073911834e-01 9.790647605302713052e-02
7.917909107038697547e-01 1.084863535634842807e-01
6.709912458590916451e-01 1.188950376195488101e-01
5.536091115780332750e-01 1.306581286340648962e-01
4.663021987677981040e-01 1.389339085919385208e-01
4.721668768632545921e-01 1.494654945933581169e-01
3.815752057868465608e-01 1.607867781775210170e-01
2.669725139851087392e-01 1.690276069620738897e-01
1.863104712631254156e-01 1.770126287817585520e-01
7.458538985272589183e-02 1.886407439876195691e-01
8.359358833943387980e-04 1.982788525116815914e-01
4.965252047810585212e-02 2.070219504592353821e-01
1.630585615770396499e-02 2.207894003403264027e-01
2.486442399450984955e-02 2.266620746230458838e-01
5.627127920605028838e-02 2.361568992507687148e-01
5.840405076353913927e-01 2.133744521688570039e-01
5.950608398761111917e-02 2.406055601340084948e-01
