2.818630371050226735e+00 8.128148991837690074e-02
1.867282583034552301e+00 1.463108201593616431e-01
1.206663920135209622e+00 1.698436504398980473e-01
9.377201869364606424e-01 1.793936560896859378e-01
7.690946452117075616e-01 1.827620432218064472e-01
7.519564723312017751e-01 1.816307787471479196e-01
6.787205595713724504e-01 1.786066625182506640e-01
5.817753613339959884e-01 1.764012978895554418e-01
5.768001053189580896e-01 1.705605494238193742e-01
5.829850073510628450e-01 1.671862406652136201e-01
5.314662566008007127e-01 1.650775357825630119e-01
4.297441188542616697e-01 1.589626600300848847e-01
3.748608359641374399e-01 1.539291027300421499e-01
2.854275299418501111e-01 1.520545465868303470e-01
2.922076095383439043e-01 1.476112034741476342e-01
3.956867994627015772e-01 1.427223515995866832e-01
4.040029497519794233e-01 1.404527137046659435e-01
4.414296859115311444e-01 1.357656879304268982e-01
5.003411612356899463e-01 1.296127715333879049e-01
1.309796325203114842e+00 1.092267387963871961e-01
1.909805822813214968e-02 1.044414959162476425e-01
