1.181382694258144905e+00 2.112717885693173731e-02
1.175698678766578631e+00 2.590377259345026661e-02
9.900443492610405682e-01 3.362993652247722731e-02
8.639272451114619056e-01 3.900795482109584850e-02
7.691559133198979659e-01 4.340048950102553399e-02
7.032422654867358514e-01 4.761981455794613710e-02
6.367013809899447763e-01 5.117901728461834304e-02
5.889542398824121339e-01 5.564303678094229683e-02
5.621747484696739683e-01 5.858451675098032968e-02
5.513311487550738299e-01 6.190618054193468972e-02
5.097590858993115148e-01 6.569897626810798641e-02
4.360821247719343652e-01 6.980551068361381950e-02
3.649645537942152740e-01 7.439110163083306748e-02
3.290628196595966060e-01 7.818251292675316988e-02
2.921247970621724255e-01 8.176368318210980313e-02
3.381797864789372610e-01 8.705407435154441376e-02
3.256400731814391158e-01 9.368210955022202024e-02
3.545360096916238546e-01 9.557056079289498463e-02
3.715473534015051871e-01 1.005363296967723141e-01
5.945285104264157461e-01 9.281095286930717003e-02
2.319055319222516065e-01 1.095631704879526797e-01
