3.263421093628845693e+00 7.641166036571826747e-02
2.609609438686811611e+00 1.251645998301625928e-01
1.878558335593258022e+00 1.496165202699769048e-01
1.483718908212408261e+00 1.625628652997392343e-01
1.201783238478556282e+00 1.698625875943732821e-01
1.093373980269908285e+00 1.734535727872057176e-01
9.771669492531352974e-01 1.756417903742300834e-01
8.328138062380666673e-01 1.777917954378309684e-01
7.830110435486301590e-01 1.754011959878958027e-01
7.795922783801635392e-01 1.762600515334720175e-01
7.024611584067192993e-01 1.772372420470618715e-01
5.783306702679886779e-01 1.734875955704480999e-01
5.110971353669668815e-01 1.701169567087625067e-01
4.114708823985730457e-01 1.705522071061107148e-01
4.060615332966582280e-01 1.682083245455562037e-01
4.907959730811009003e-01 1.653567789731375803e-01
4.681056087025889378e-01 1.652400146907263834e-01
5.083809085124582072e-01 1.611787302687712475e-01
5.666122942845709387e-01 1.561350217762754455e-01
1.322481287880472367e+00 1.350930695115633573e-01
1.686239823705211749e-01 1.265692587410839343e-01
