2.302025014965793925e+00 4.549015170495990246e-02
2.217455170672225417e+00 5.678176614064799066e-02
1.818376400812740545e+00 7.398482546249467162e-02
1.505057233576357900e+00 8.632060362520184438e-02
1.253042191998267718e+00 9.790665393968357721e-02
1.083491306445655278e+00 1.084865237729472631e-01
9.626921905345534602e-01 1.188951946789969516e-01
8.453106687600450142e-01 1.306582688350495514e-01
7.580044514817818602e-01 1.389340232237059880e-01
7.638699221772043968e-01 1.494655808537492803e-01
6.732790090416349571e-01 1.607868311037607967e-01
5.586771181558760624e-01 1.690276206896472733e-01
4.780159275230849714e-01 1.770125992666141124e-01
3.662917510845314917e-01 1.886406657591358504e-01
2.925432323278843172e-01 1.982787211220458090e-01
3.413606770988052430e-01 2.070217619438256551e-01
3.080149439368837228e-01 2.207891445423449950e-01
3.165744005285163198e-01 2.266617558192183246e-01
3.479821024485521552e-01 2.361565085360487759e-01
8.757512177186247415e-01 2.133740462397945847e-01
3.512186820388750741e-01 2.406050427404752556e-01
