8.840948822006232666e-01 4.003259103981419986e-02
2.347328089670073226e-01 1.182524938880274643e-02
3.699092611363138383e-01 1.699758719119171327e-02
4.301964807828737025e-01 2.024642747008422242e-02
4.813666557123221224e-01 2.218968331912718472e-02
5.128971396032776520e-01 2.284209495629531059e-02
5.484222955919897391e-01 2.428099610603340688e-02
5.685259005851486247e-01 2.454513566055201157e-02
5.747777470245880593e-01 2.442297246096082966e-02
5.762862045643479814e-01 2.424078384443282413e-02
5.790966865954353393e-01 2.351762046107259280e-02
5.981882084812278899e-01 2.388657543120779533e-02
6.278742266209919043e-01 2.427008282155724422e-02
6.279692998458831221e-01 2.437600135881093019e-02
6.272326060505308831e-01 2.509239512078037179e-02
6.377005202549785867e-01 2.571061388189233715e-02
6.517951558549636148e-01 2.633757009466217852e-02
6.448333037380015176e-01 2.645138550772686142e-02
6.598623152171256834e-01 2.745066820335676991e-02
6.891196099538863251e-01 2.932519937046795810e-02
6.817090223040619401e-01 2.954813430460502197e-02
6.698482831105427859e-01 2.935892505226964447e-02
6.674476424435034083e-01 2.944402034984720459e-02
6.336084033362178181e-01 2.949857846202851366e-02
6.153906739684303906e-01 2.963091161276151797e-02
5.467769387645868839e-01 2.561989096154237283e-02
4.651259689936587671e-01 6.144420617096023329e-02
