7.833031612206869942e-01 3.674909131999143375e-02
1.961221567993378934e-01 1.081989936062000869e-02
3.180454102956642437e-01 1.621470732585073016e-02
3.743359379390477915e-01 1.982810703495792651e-02
4.265700673166898937e-01 2.306905626152627037e-02
4.690359431726329742e-01 2.484460189564952071e-02
5.087648235520424445e-01 2.683178250208404295e-02
5.288570351181690610e-01 2.793494387648531169e-02
5.406385295422260207e-01 2.961414818700746146e-02
5.669958101876256817e-01 3.107310387763938253e-02
5.841924344947211356e-01 3.273965111757656116e-02
5.870324417216495894e-01 3.304148802312474598e-02
6.033226299050644670e-01 3.378091253765145435e-02
6.029555029773967512e-01 3.376194171682971035e-02
6.044286044499440624e-01 3.528630028181059530e-02
6.191536773766053159e-01 3.785935850541873038e-02
6.182529397624614287e-01 3.868282719328400981e-02
6.067032601932048630e-01 3.913255607177601458e-02
6.116746188160480102e-01 4.046143940548974083e-02
6.445532264838400582e-01 4.231928897124186822e-02
6.551908840412749013e-01 4.553077311171579988e-02
6.511531553350944357e-01 4.885024007453872552e-02
6.407217215684662959e-01 4.872683094758311489e-02
5.997099386350904782e-01 4.831269774110229925e-02
5.839579833696472155e-01 4.919196044694180980e-02
5.356791346250082686e-01 4.597155606408333262e-02
5.115062100805695122e-01 1.102136012187881764e-01
