1.128747088316119918e+00 3.424433415619430876e-02
3.238130024188409783e-01 1.323504855054879678e-02
4.859056904303127866e-01 1.755188026836701151e-02
5.332925844993873232e-01 1.964544148550980210e-02
5.722401275907738061e-01 2.059800479516652946e-02
6.024645104238167681e-01 2.070449237355959440e-02
6.397525930564050833e-01 2.229866085718084853e-02
6.448732761109337019e-01 2.171303487206809393e-02
6.490762434180786800e-01 2.128246007696875039e-02
6.511522966709138993e-01 2.153017813815332610e-02
6.562826540575529277e-01 2.133387373108651744e-02
6.618662797698605660e-01 2.103863340819570049e-02
6.843225339274546792e-01 2.093567076968539872e-02
6.905728869638824152e-01 2.088310216314943207e-02
6.845026590018237211e-01 1.963752992139723708e-02
6.887551165577555645e-01 1.910662369354932874e-02
6.940507110796929613e-01 1.823297518669660805e-02
6.845037250109556881e-01 1.855800701636335301e-02
6.922457227194999119e-01 1.779282413830738166e-02
7.106479153644666980e-01 1.779306775387597822e-02
7.188214982478468018e-01 1.785800231242096539e-02
7.190568312945552210e-01 1.740058950598467533e-02
7.131570284190635878e-01 1.660086234734494195e-02
6.938174518376668543e-01 1.616303012029641703e-02
6.880545910872082338e-01 1.573447358761742229e-02
5.974340547314365146e-01 1.305193294295498366e-02
4.043097650331277104e-01 3.809667364289174435e-02
