8.848155083675525168e-01 4.028092360610396189e-02
2.351093948410979129e-01 1.186680645521895165e-02
3.707948816860439090e-01 1.716515547251218701e-02
4.315664922721902386e-01 2.062885043298644250e-02
4.832804267114439445e-01 2.263262371002687165e-02
5.153423317567321638e-01 2.344658070497977753e-02
5.514713840971980918e-01 2.516299252627330479e-02
5.721375772862909992e-01 2.572337436027991378e-02
5.788852739840887329e-01 2.580265813656484886e-02
5.808622032505410537e-01 2.580070470115101294e-02
5.841552885554117669e-01 2.524031653987180920e-02
6.038894174357636313e-01 2.586594016363132770e-02
6.343582110888048575e-01 2.590280602876100444e-02
6.349545802059846089e-01 2.631432885195706534e-02
6.347098129393968780e-01 2.706746323337608923e-02
6.458113833260334946e-01 2.777888019236108771e-02
6.606058135313708224e-01 2.824831689946523047e-02
6.540652267653349616e-01 2.885555092572585426e-02
6.698372049156093855e-01 2.970175714718830892e-02
7.000884075877682466e-01 3.165258274101820368e-02
6.931059993866632851e-01 3.195711038519654518e-02
6.815840253456912912e-01 3.180282484890505773e-02
6.796768785842879357e-01 3.224142739769297189e-02
6.457264255192214364e-01 3.190719383147073290e-02
6.276548367900645076e-01 3.188677207098447597e-02
5.581134606914213148e-01 2.823883656874518616e-02
4.751439830609180959e-01 6.206241472451506924e-02
