9.775002159271639623e-01 2.964662723750786585e-02
2.681264148807329106e-01 1.116933510412127656e-02
4.143186070390128539e-01 1.528571607662963273e-02
4.698305969870950616e-01 1.766318018599374873e-02
5.158492367958890101e-01 1.888900807845916852e-02
5.474906367055536460e-01 1.928483152495855460e-02
5.849048466670646595e-01 2.114477518165656933e-02
6.004373581739805843e-01 2.107068297250599270e-02
6.067376899621477193e-01 2.100548844266110146e-02
6.090590063902885376e-01 2.155591833201586302e-02
6.140316134468307707e-01 2.115368124988251455e-02
6.280336966924044972e-01 2.143681006871768838e-02
6.549502132464866122e-01 2.179835073490936706e-02
6.616940046879604687e-01 2.181526843614450470e-02
6.589326575888855286e-01 2.093006897688133930e-02
6.653715960564329235e-01 2.093156934043927456e-02
6.745342161517159374e-01 2.077677656769670242e-02
6.680341589247094092e-01 2.116835849035890449e-02
6.777444475718665817e-01 2.075319295441122383e-02
7.020438183893827899e-01 2.111134452991139318e-02
7.046353645280485356e-01 2.129163424334975727e-02
7.035291285985216803e-01 2.097324725952381952e-02
6.991776022272065960e-01 2.048660366871383337e-02
6.733353695445983833e-01 2.034594537663406838e-02
6.620008874454349490e-01 2.042210427000453604e-02
5.800140270299443124e-01 1.713331661426480482e-02
4.253409134365515598e-01 4.640927440643584367e-02
