7.811560260574272885e-01 3.639516495346180325e-02
1.950561274354452868e-01 1.072317809471760863e-02
3.154620335661410535e-01 1.591393425796486238e-02
3.702921609414382975e-01 1.926957302090142113e-02
4.208219662058301225e-01 2.228192902689991525e-02
4.614654357508328753e-01 2.372270192871866329e-02
4.992006678385993435e-01 2.507631676897983247e-02
5.175131579182534747e-01 2.571695628634191461e-02
5.276125684844824582e-01 2.686177758128910700e-02
5.518397977845582725e-01 2.762562252156865530e-02
5.670405609366364619e-01 2.927327591345758179e-02
5.682576993548256183e-01 2.915887982542963650e-02
5.824489549351772322e-01 2.970423792664009938e-02
5.805218183971957435e-01 2.978237255141566106e-02
5.803678171497441696e-01 3.120425280807191670e-02
5.929004749842279320e-01 3.295556951481816432e-02
5.904383535842551156e-01 3.470314000459367998e-02
5.778428289596404532e-01 3.576902289428302018e-02
5.810036868171869484e-01 3.780430379152648762e-02
6.105795350867062599e-01 3.961821875005703403e-02
6.189795947292517919e-01 4.106776495111850306e-02
6.135029626840118322e-01 4.282348822039889341e-02
6.020436657160592731e-01 4.271790234270998743e-02
5.619851229459019715e-01 4.233416697207733476e-02
5.457455482139476066e-01 4.352606884321578301e-02
4.992733222081964239e-01 3.971224373032409410e-02
4.754551656052842801e-01 1.023663506795997186e-01
