6.794851303704825263e-01 3.257939583296101671e-02
1.680861817169797268e-01 9.637612023069647149e-03
2.758363811050012493e-01 1.431382731885567743e-02
3.363376699644449186e-01 1.781811753000739698e-02
3.911410998309779452e-01 2.082701487028673290e-02
4.269339161948456640e-01 2.229810304069169274e-02
4.577484220022788319e-01 2.413772382681999770e-02
4.843892330000971191e-01 2.507512568776934861e-02
4.936756909408475114e-01 2.592929906574316726e-02
5.079375482498947880e-01 2.711000177685246593e-02
5.162741671391199993e-01 2.769594662648685798e-02
5.371320663575837040e-01 2.962299112815277094e-02
5.583855940029354148e-01 3.122114375120223911e-02
5.510902839779511231e-01 3.210079140766006200e-02
5.598586110403904748e-01 3.396373712044008925e-02
5.677020739895103363e-01 3.702345311969161556e-02
5.815011044101237037e-01 3.966028054227283689e-02
5.701317316137397562e-01 3.907080638665774708e-02
5.818685597767297990e-01 4.227232621150795594e-02
6.270674501399339240e-01 4.659301306920513031e-02
5.886966861491854663e-01 4.848900212940079890e-02
5.711510960511659851e-01 4.851790572707083415e-02
5.760361203904378335e-01 4.956168431639600830e-02
5.213425497987842494e-01 5.272441580798321870e-02
4.784128675127138353e-01 5.608308269779423150e-02
4.487093466264233665e-01 5.071000164441653163e-02
4.939470664331099825e-01 1.226243442961186536e-01
