6.485478213635180733e-01 2.249543090775911816e-02
1.612810533792017331e-01 8.210226961783525373e-03
2.660677137521935687e-01 1.208510376298116418e-02
3.261410271815944339e-01 1.500697461408416998e-02
3.812875880538689755e-01 1.752067975833256769e-02
4.183783130986474252e-01 1.927834450133666597e-02
4.509461206931954513e-01 2.191113712820592571e-02
4.797130934905657340e-01 2.318086177788735575e-02
4.914938930901111558e-01 2.406668476052710101e-02
5.083654110108190016e-01 2.599325134916994837e-02
5.194399667112414853e-01 2.683628836758336633e-02
5.432820290119174667e-01 2.941449725708307483e-02
5.677638752061594518e-01 3.159836794379755620e-02
5.633075828474313207e-01 3.317023354181501682e-02
5.752948649231800493e-01 3.422580801977291587e-02
5.864377353732533882e-01 3.757638752378139602e-02
6.038669527049623786e-01 4.068758465913038108e-02
5.951894494374644351e-01 4.063599210839050763e-02
6.106525775165205783e-01 4.317102431976455046e-02
6.615655059472068666e-01 4.715715138622208341e-02
6.243663345376160301e-01 4.960647138956309626e-02
6.089591964375904443e-01 5.000630717903085248e-02
6.174135944215101146e-01 5.159491933406941400e-02
5.617446366248369793e-01 5.558019136160487900e-02
5.182125266872478209e-01 5.937968287342233753e-02
4.886067505518305598e-01 5.355594994885616578e-02
5.407095614313857102e-01 1.346846625073880588e-01
