1.026028434852764182e+00 4.450943242574491310e-02
2.805003832079621673e-01 1.326251100127874560e-02
4.319958934153387831e-01 1.870997534434798090e-02
4.882449943983340757e-01 2.187674314908315959e-02
5.342820929668817831e-01 2.344511077968208790e-02
5.651657634183292478e-01 2.357625559462568632e-02
6.017771484242135926e-01 2.450068644276832269e-02
6.157004915662788180e-01 2.402129094860239525e-02
6.200890916292428612e-01 2.384786185559049573e-02
6.203886020860119865e-01 2.339527844306979118e-02
6.233708570044872443e-01 2.295779126283318747e-02
6.354626543143874207e-01 2.244835127801555683e-02
6.604906850346791147e-01 2.201439900901393243e-02
6.650693471675952484e-01 2.183653920850360183e-02
6.600883794391516624e-01 2.182285416612893270e-02
6.643189410725907074e-01 2.168306791471421441e-02
6.712243223521819901e-01 2.120478334836002968e-02
6.625424260042745983e-01 2.071867096440711126e-02
6.699344556811326346e-01 2.084661772631414209e-02
6.916428456846031025e-01 2.168967901014327848e-02
6.918842239623091972e-01 2.171676024506783917e-02
6.884975489826221651e-01 2.129959743672853872e-02
6.819603820416130224e-01 2.101522199238468544e-02
6.545674254776790990e-01 2.055722454799546739e-02
6.414057594212436708e-01 2.051268352015521088e-02
5.600981048423470110e-01 1.749655412632946175e-02
4.093681862994171805e-01 4.405969444676728630e-02
