1.185420011861335832e+00 5.127093124322291973e-02
3.391176640720591218e-01 1.565734576920933471e-02
5.074445946226435744e-01 2.168770952863703985e-02
5.553703722654877994e-01 2.459791867006164839e-02
5.942593019949272692e-01 2.570650506586159151e-02
6.238923572788357408e-01 2.542378507174333779e-02
6.606489795851571145e-01 2.607377298774497462e-02
6.640696171267255199e-01 2.513879616756787769e-02
6.665234931153447562e-01 2.464313212301651873e-02
6.667804248260195132e-01 2.393668129624001648e-02
6.701495148308970196e-01 2.392000313642569931e-02
6.739560159996240696e-01 2.289924661365356010e-02
6.948685516626312841e-01 2.193265128730670713e-02
6.992490033779885650e-01 2.179556104150322596e-02
6.911590346419967945e-01 2.126716552575763641e-02
6.935027778390374653e-01 2.060445935640385640e-02
6.968753252075268190e-01 1.944884390506082181e-02
6.853623085920571567e-01 1.882711803270006520e-02
6.911705083933931126e-01 1.853073408757721988e-02
7.075545390437588678e-01 1.885366551686344649e-02
7.136857236140645711e-01 1.883452981589153058e-02
7.119175277212870245e-01 1.839061218040753329e-02
7.040964468699215661e-01 1.785802726498850884e-02
6.830818133431669770e-01 1.719721720023479825e-02
6.755086539078211105e-01 1.672871327548495698e-02
5.848958117943836577e-01 1.427705351352790038e-02
3.947146855235008078e-01 3.671391646995254138e-02
