2.546090652114250119e-01 8.742337878457243777e-03
2.851961265894697450e-01 1.113615912516355798e-02
3.320193927028427527e-01 1.296116993842862282e-02
3.574069742349507695e-01 1.411967001821064736e-02
3.742958794534321787e-01 1.460675179027498202e-02
3.846044107110753729e-01 1.435530132457110870e-02
3.930063180959134095e-01 1.403413565991618386e-02
3.977251875204770859e-01 1.341577710298160614e-02
4.003871084830156746e-01 1.299426780402294229e-02
4.003751638890110098e-01 1.260883292065868508e-02
4.073123412895766071e-01 1.253786528146155765e-02
4.050802859634445308e-01 1.240804785579841148e-02
4.134331103264017870e-01 1.227880753128794515e-02
4.130350266041279417e-01 1.208566781132818131e-02
4.099457497657504890e-01 1.170840477200400971e-02
4.115668627195942508e-01 1.162706116027635746e-02
4.127344396491753331e-01 1.159984162462589577e-02
4.072893920465542883e-01 1.120974791404559523e-02
4.080025181611351415e-01 1.093870440158862221e-02
4.111507322208057813e-01 1.099436317284517572e-02
4.097408209901597376e-01 1.095838379887455367e-02
4.039836539790936376e-01 1.066368883581452799e-02
4.029917581832437867e-01 1.065154151958818372e-02
3.945103446021613336e-01 1.013158984445536488e-02
3.884473061883527145e-01 1.011871503918917656e-02
3.307330221020475802e-01 8.233245764018903845e-03
3.951164987223682035e-01 8.116239576438895667e-03
