2.930371370728052649e-01 9.308877710717533560e-03
3.386525066395717487e-01 1.243647160727630839e-02
3.811279149191470483e-01 1.404048430430106416e-02
4.016883648911918625e-01 1.491440322833049482e-02
4.131426288044671158e-01 1.516329253552790163e-02
4.183293479748750321e-01 1.464196007956310337e-02
4.226138329897424217e-01 1.402691766944817210e-02
4.237161192992437986e-01 1.315755149934479985e-02
4.255206516406425665e-01 1.267300248644023970e-02
4.232738661681031966e-01 1.212658368269047514e-02
4.273455685593842701e-01 1.192007884794550783e-02
4.254214731312203623e-01 1.164264118607691301e-02
4.325568749459146045e-01 1.122633555829108572e-02
4.307299052708823961e-01 1.086228277612771333e-02
4.277166810992846790e-01 1.035008285787625965e-02
4.274621092320348148e-01 1.010045449272556697e-02
4.284740155580133436e-01 9.923328281540490931e-03
4.235714909825729624e-01 9.479033899135229368e-03
4.229179840360326459e-01 9.074694178936318356e-03
4.261976917684676680e-01 9.023153375232744952e-03
4.259113182224157357e-01 9.032749773068012022e-03
4.208132684826521031e-01 8.680970954331944725e-03
4.198868664670696860e-01 8.666506025070739791e-03
4.113503792662245306e-01 8.206749149161161883e-03
4.046894552501514308e-01 7.987594225128489406e-03
3.460513541747620714e-01 6.632675702947531983e-03
4.118407577533385044e-01 6.460995808900773379e-03
