1.840964395456320402e-01 6.058576277457077691e-03
1.957819603001236530e-01 7.605987608556051723e-03
2.421580609406254747e-01 9.816767228407760268e-03
2.722572933628460423e-01 1.153012934574610023e-02
2.963473532007837585e-01 1.272622915091090740e-02
3.156576956994760486e-01 1.356407371006621010e-02
3.303790805996229540e-01 1.430978654664426253e-02
3.400273898475591472e-01 1.460824729003843900e-02
3.461344371700827427e-01 1.459406070338930238e-02
3.506368691849183761e-01 1.516171860369061770e-02
3.652409834808634237e-01 1.564348547032053810e-02
3.654366942261636497e-01 1.616190150653042112e-02
3.744636826731270185e-01 1.703842595032288229e-02
3.749981099573529431e-01 1.771505079151556444e-02
3.730414617381014319e-01 1.835986246550700557e-02
3.790402913506962790e-01 1.914308734549159674e-02
3.799040182961449519e-01 2.021931818247406018e-02
3.733110077847927033e-01 2.040661180110340395e-02
3.789829642137610421e-01 2.154342169287078168e-02
3.859903333881803400e-01 2.284438651384660540e-02
3.833111711127883958e-01 2.329503552828584081e-02
3.757814454271698468e-01 2.367346969824088432e-02
3.791624990611587864e-01 2.407292145333148753e-02
3.659878568557235479e-01 2.371249306785057701e-02
3.637017496129076322e-01 2.467404444257752238e-02
3.146133138001922513e-01 2.144112268740359234e-02
3.929791158706208432e-01 2.494623533642066279e-02
