3.214414607388416112e-01 5.945964478364511828e-03
3.856560430172543130e-01 1.062159197181885770e-02
4.198649189410070814e-01 1.235083408139917190e-02
4.344690299881582285e-01 1.297938770300067352e-02
4.398912132789948859e-01 1.316886550587867237e-02
4.401248258758443388e-01 1.322851769831345087e-02
4.409579252410231187e-01 1.290624165660824406e-02
4.397064144709456057e-01 1.233061079475005276e-02
4.407708299086299242e-01 1.185586779233421297e-02
4.369522871159551847e-01 1.157398273870789349e-02
4.392321013374229643e-01 1.108046062185175616e-02
4.381157923363655504e-01 1.094811978147981410e-02
4.445057956460746751e-01 1.034007411937538923e-02
4.419274756278248062e-01 9.981048459093932318e-03
4.397565252367632294e-01 9.302653603177122102e-03
4.385676734992530745e-01 8.977122710827775687e-03
4.404915624858419254e-01 8.545770602437817789e-03
4.365495530097939780e-01 8.268573080710526352e-03
4.352314700464029462e-01 7.781189259984941549e-03
4.381192309218628900e-01 7.698544888423747637e-03
4.395050582516846771e-01 7.589714607844355587e-03
4.355400476616903549e-01 7.151784202360028479e-03
4.351385540940251873e-01 6.805431158837668519e-03
4.276678130781100817e-01 6.407187835048621348e-03
4.211670312317897236e-01 6.119211090262263210e-03
3.621244224368816433e-01 4.839893308923220831e-03
4.335504952153562686e-01 4.290809905388829476e-03
