1.621298866395222693e-01 5.994641481705433560e-03
1.686682828907569986e-01 7.081453050462599950e-03
2.145735721117050521e-01 9.356268726989113924e-03
2.464749634036824122e-01 1.129056903899274510e-02
2.731167349989033766e-01 1.273034713968124870e-02
2.950406226324849279e-01 1.397800324357649851e-02
3.126130143114693172e-01 1.511502969333209864e-02
3.261953804900915022e-01 1.585538332641663745e-02
3.315333959609267911e-01 1.617123788244240537e-02
3.374404707896960787e-01 1.697135340259145128e-02
3.549782904184425880e-01 1.770666861102671713e-02
3.548435924903256544e-01 1.831112111360891706e-02
3.660268929556557138e-01 1.961380743751943087e-02
3.678227437713406101e-01 2.073805949672541046e-02
3.660881878386548771e-01 2.167680055348200976e-02
3.745882427689533611e-01 2.304803414196201009e-02
3.768072847226892619e-01 2.470114523388129701e-02
3.678096166216848761e-01 2.507418118573841517e-02
3.728462885008659855e-01 2.680721234938155534e-02
3.717034669367920152e-01 2.837494322521157478e-02
3.601236830893325691e-01 2.905556009267084780e-02
3.505199774741813989e-01 2.961679958364621737e-02
3.529462634878192673e-01 3.048333165062865752e-02
3.361664195766365659e-01 3.086847766097883597e-02
3.333264257802236452e-01 3.256126087231177996e-02
2.856086138401598973e-01 2.837324995205718625e-02
3.833946172589548507e-01 3.641670924597590481e-02
