1.701312583095480613e-01 7.948594383106874148e-03
1.760618118062301507e-01 8.811923664856436550e-03
2.228017934045934678e-01 1.116443972090935301e-02
2.545809893752881692e-01 1.315144219115204141e-02
2.806158380825761745e-01 1.452940688528567455e-02
3.015479574335865331e-01 1.536297466624214625e-02
3.178281333907959083e-01 1.613350286476663079e-02
3.298935296499995173e-01 1.669235169811440767e-02
3.335292919472974127e-01 1.687362132148867433e-02
3.376871817787998609e-01 1.734248536602789673e-02
3.533701890480918650e-01 1.804465559095742508e-02
3.513789905285952808e-01 1.852628607022515153e-02
3.605475316801032282e-01 1.983950825655812419e-02
3.604116486477652037e-01 2.066304307124975162e-02
3.568261413897260703e-01 2.146468338197404097e-02
3.631916016850166851e-01 2.271624761670354084e-02
3.634223679710866239e-01 2.429603674899286081e-02
3.528792741795071519e-01 2.443033075597466838e-02
3.558308547198827387e-01 2.599172118291358594e-02
3.528751692303522258e-01 2.740211671672231411e-02
3.400845314628020977e-01 2.779116442661049707e-02
3.292749395928074585e-01 2.803551892708161172e-02
3.298110485104379652e-01 2.902726394058840337e-02
3.124795843839118792e-01 2.937732396306923580e-02
3.082107435313059529e-01 3.063863488448460154e-02
2.626999784723549891e-01 2.662158662701689937e-02
3.507885869716732552e-01 3.369408640791506093e-02
