2.424746121995579040e-01 5.461920576902891226e-03
2.725114226408045792e-01 8.365054324791058871e-03
3.183121501083538418e-01 1.032638624517408579e-02
3.437965112130584311e-01 1.150178572341090111e-02
3.612452669130903904e-01 1.214394413997465887e-02
3.724346309183875769e-01 1.257042147585459360e-02
3.818422725429216347e-01 1.273760546153865532e-02
3.877182520960822387e-01 1.242406806414026246e-02
3.916173405542891506e-01 1.207754494154457056e-02
3.929141186073586423e-01 1.209224519886951781e-02
4.010576007687350897e-01 1.195606056388656691e-02
4.001925203259907859e-01 1.210549520757993672e-02
4.098092824995652195e-01 1.196665752394092744e-02
4.107826539015232981e-01 1.194838334574844715e-02
4.090724943406558456e-01 1.165173164530639537e-02
4.120623815590079841e-01 1.165691531637190297e-02
4.146120826197134956e-01 1.153163040078476753e-02
4.105093195856073240e-01 1.139843251438015653e-02
4.126021083803689815e-01 1.116225018687550842e-02
4.171750671298333768e-01 1.127950724359396729e-02
4.171336128020284861e-01 1.128931306160454659e-02
4.126467450312176211e-01 1.111164202231623536e-02
4.130089586156280856e-01 1.072511469179730954e-02
4.056676539603745746e-01 1.018208800363179511e-02
4.007677590469390094e-01 1.031461405153701397e-02
3.423630593243786602e-01 8.204534907563249685e-03
4.103771594920850863e-01 8.167445436815638088e-03
