3.376791147494863643e-01 1.035374027156182875e-02
4.042351158190609639e-01 1.434860427137747002e-02
4.391117676347147669e-01 1.568632702569381157e-02
4.533732581227142844e-01 1.627380936830050834e-02
4.580089368294806285e-01 1.630386588545376658e-02
4.572314769621736441e-01 1.558287416955021071e-02
4.570766084976392030e-01 1.471426185656676128e-02
4.547641639116087320e-01 1.369766725546278999e-02
4.548496530688984629e-01 1.318683757492522535e-02
4.499048021697403255e-01 1.248843876423067628e-02
4.512448665021659422e-01 1.215747754900942286e-02
4.490954950599281292e-01 1.171975579322970078e-02
4.546307509191187535e-01 1.112539452686581512e-02
4.509869475754124668e-01 1.072899361696755087e-02
4.477719155964616782e-01 1.014671777032306009e-02
4.455667401828390384e-01 9.774523556965310916e-03
4.465245396154002289e-01 9.519400503137402311e-03
4.415428683534114440e-01 9.073103110902005358e-03
4.392292018697163680e-01 8.679706301594891996e-03
4.411586733665441851e-01 8.487025412377209241e-03
4.415683858968058040e-01 8.514931091667447827e-03
4.366101005350627173e-01 8.177642009774535939e-03
4.352360275660439592e-01 8.204476204941989204e-03
4.268108279423478146e-01 7.884464324612107042e-03
4.193868604022058522e-01 7.522226584320968260e-03
3.597906368423320345e-01 6.413876098128066215e-03
4.297969384286255412e-01 6.711343103987029747e-03
