1.932120336422246121e-01 8.364773564455500396e-03
2.045035319981981792e-01 9.680543314909088176e-03
2.517482318554825627e-01 1.195918162666155006e-02
2.816996966855694895e-01 1.373502475443664356e-02
3.051738154527158797e-01 1.484668954014446880e-02
3.235206114458935578e-01 1.523397679767003222e-02
3.370058744276206442e-01 1.561735179706695911e-02
3.452058849034359000e-01 1.566561267239967997e-02
3.497425376647388950e-01 1.551990544566927456e-02
3.526148393780639823e-01 1.568275874465770853e-02
3.655626920496022336e-01 1.613824006889248361e-02
3.640272333568664864e-01 1.642999451064962660e-02
3.712536939815074821e-01 1.725532592893664827e-02
3.700236786499455088e-01 1.755363347851511199e-02
3.663505938882546942e-01 1.803717545000118466e-02
3.704797978334899433e-01 1.873824610958387676e-02
3.695663316011975619e-01 1.986952903511987611e-02
3.614337186895684173e-01 1.985915841173969271e-02
3.651883515658289059e-01 2.082511105918506342e-02
3.701800541761922081e-01 2.202644382202405271e-02
3.658705225378841575e-01 2.236537213664242796e-02
3.569855481600711644e-01 2.253806922067485424e-02
3.584924696492977625e-01 2.297400565809447348e-02
3.443980586281072398e-01 2.260646858993411307e-02
3.406267625777400498e-01 2.336411162091772686e-02
2.932579753346231111e-01 2.027595205565337760e-02
3.645705337177097549e-01 2.348962511192301261e-02
