2.790143365086361071e-01 5.395996761351370095e-03
3.233535504316766285e-01 9.169885811138110687e-03
3.649333730365094675e-01 1.102573704860713294e-02
3.857017041053004691e-01 1.193023797573746110e-02
3.978155883330299347e-01 1.234711031951557687e-02
4.039425520279069648e-01 1.257086831222578582e-02
4.092271720902998511e-01 1.247190579624951785e-02
4.114482535817814424e-01 1.198298927151534958e-02
4.143624217026352086e-01 1.155614951072965468e-02
4.133335501175244286e-01 1.143159324709287251e-02
4.184830680355028365e-01 1.112056615786281497e-02
4.177703137080403528e-01 1.116445382521225049e-02
4.259718215920151319e-01 1.074848610022988322e-02
4.253653999722462609e-01 1.051261532604721473e-02
4.235774254162715802e-01 1.001951172951301774e-02
4.245156696017286513e-01 9.853198340018031604e-03
4.267171263477504972e-01 9.518968405972690408e-03
4.230208647380285791e-01 9.305922759086928189e-03
4.235558684356927617e-01 8.896741434665192405e-03
4.280407597866109914e-01 8.940875722894457006e-03
4.289559509097095602e-01 8.869352732729866851e-03
4.250132052132335470e-01 8.526670078437258507e-03
4.252700248684121997e-01 8.141544335618165762e-03
4.177956048468288719e-01 7.649781530028303828e-03
4.121860944155443240e-01 7.520943693627563792e-03
3.534528467852982025e-01 5.932966618087269321e-03
4.218322098611193560e-01 5.391858140994226084e-03
