6.738865422386854334e+03 6.740977114627893570e+03
1.743246986944733408e+02 1.741166524795932276e+02
2.462159296712692580e+01 2.432950980965383891e+01
2.452314689094362787e+00 2.136387052432546785e+00
4.734381557813020502e-01 1.438189737659373857e-01
3.495410560540111455e-01 1.572352722812903406e-02
3.511542857458676559e-01 1.245125396196019446e-02
3.596103962966530898e-01 1.247330171237679211e-02
3.650493764976472377e-01 1.241673603237364656e-02
3.708264545636688614e-01 1.249968229843459455e-02
3.747098791939954543e-01 1.263417247970644898e-02
3.771485824307241885e-01 1.286243494910071540e-02
3.787419090338143834e-01 1.286010221154273818e-02
3.784422191183244855e-01 1.308838583786621143e-02
3.789892258205643238e-01 1.314677718045038045e-02
3.809553382815917821e-01 1.337823007489734838e-02
3.795604832996999356e-01 1.356972065977183478e-02
3.837374684574689776e-01 1.403299754935665410e-02
3.850861494899688320e-01 1.447257897493518623e-02
3.880798255185514689e-01 1.499960908278713360e-02
3.911173192866450599e-01 1.548359248239772508e-02
3.880572897775040886e-01 1.601046689735627707e-02
3.890501596131587525e-01 1.657593390119622978e-02
3.858800369879220038e-01 1.698229232837832753e-02
3.794505540224428763e-01 1.731614820375261196e-02
3.291347300149597976e-01 1.544178169523558602e-02
3.831434782850448584e-01 1.872235315897504901e-02
