8.730480882787660448e+03 8.733140167511322943e+03
2.303044372541503151e+02 2.302022484327497693e+02
3.020828223360586762e+01 3.001082676398655380e+01
2.964127808150362142e+00 2.736243595152251018e+00
4.413479591266401547e-01 1.929857149638180558e-01
2.753897157110549720e-01 1.622867120570799238e-02
2.825033624710119873e-01 1.235599393355665994e-02
3.000180528493305854e-01 1.317143297790933539e-02
3.115127951011100738e-01 1.394075424255889276e-02
3.200069941567754706e-01 1.474202002367750418e-02
3.284856839439074805e-01 1.554386860850484435e-02
3.368699812162797014e-01 1.637799452065206648e-02
3.466333290669604827e-01 1.705724326602624241e-02
3.475357128136363771e-01 1.799046959805101001e-02
3.513192832083216199e-01 1.910489765976222665e-02
3.598965056538034890e-01 1.975704101046012878e-02
3.568552668459346044e-01 2.092378510256721197e-02
3.618276488619664999e-01 2.245517235946987641e-02
3.677267518784914646e-01 2.340485098312439574e-02
3.705362291966839972e-01 2.432428202381578183e-02
3.849048654549270254e-01 2.616155270772514002e-02
3.806615522507679761e-01 2.706250716517038732e-02
3.907506999467227349e-01 2.841444722882669263e-02
3.909595560118626079e-01 2.875841313850795167e-02
3.878251136862372883e-01 2.872758040171662433e-02
3.344339136498525322e-01 2.501414035017629836e-02
3.655614891512463105e-01 2.689439983464778430e-02
