4.016789968690229216e+03 4.017998212420499840e+03
1.732693401586383004e+02 1.731274092875374606e+02
3.260469180259201494e+01 3.237712950096869946e+01
3.325177240722624106e+00 3.065122105775597294e+00
4.892171660862159599e-01 2.080778219818751884e-01
3.123745219365324233e-01 1.927152549214423624e-02
3.176038202804374322e-01 1.331858861537852171e-02
3.366045053299415168e-01 1.401059904325510468e-02
3.512955711488442434e-01 1.477164127348976584e-02
3.630291659237285251e-01 1.582015186647324836e-02
3.742433938128819637e-01 1.681808476348325282e-02
3.847699083391690755e-01 1.785466850143933165e-02
3.963828387368159567e-01 1.889279138530212954e-02
4.022018669785299427e-01 1.986273333683299600e-02
4.075687446276802239e-01 2.062839976181781929e-02
4.151911157595348789e-01 2.163389276811447659e-02
4.176301729313268152e-01 2.247412999899042751e-02
4.292491636091672058e-01 2.405987436123985940e-02
4.353251371068462272e-01 2.509062838666725054e-02
4.386476456848357186e-01 2.611828250778478952e-02
4.529156617642414728e-01 2.823070167710586831e-02
4.545095292824204991e-01 2.997667026697405784e-02
4.663062861403050596e-01 3.223200155773416065e-02
4.645812221723420454e-01 3.410647264637826914e-02
4.716843910094909442e-01 3.717364315798057234e-02
4.144696089759358770e-01 3.403222337570369765e-02
4.719287816526964718e-01 4.073865669206701984e-02
