6.621210164949226964e+03 6.624351560536301804e+03
1.667827878915979909e+02 1.672521961064983600e+02
1.461316300788062428e+01 1.501485226295959130e+01
5.700638338072024913e-01 9.682849841564881155e-01
3.206913027918561476e-01 8.237913121673688666e-02
3.970981653215197027e-01 1.869921731383880625e-02
4.074247961472824975e-01 1.857299799519449360e-02
4.101487983448010577e-01 1.972543773342341419e-02
4.101499322836340555e-01 2.087951303007640202e-02
4.132853365073499430e-01 2.240766304498353900e-02
4.141559701413389250e-01 2.395151285540867911e-02
4.148323590761979207e-01 2.560550059171348009e-02
4.133925713865862495e-01 2.707165985593877611e-02
4.121065617264892400e-01 2.865640424944886772e-02
4.107450253238438820e-01 3.019744026442511622e-02
4.127604829372419348e-01 3.206981192460881674e-02
4.109002117441413748e-01 3.365515174244488456e-02
4.146353836078175426e-01 3.574070740194042195e-02
4.145384703637062240e-01 3.755038141004346519e-02
4.165252872112205629e-01 3.959898117842899218e-02
4.154627138143643372e-01 4.134259589451692168e-02
4.142470869696943669e-01 4.308307599330216120e-02
4.141197079101979206e-01 4.495616344231863348e-02
4.106354306159498702e-01 4.644154026227876458e-02
4.032341225096104376e-01 4.745055853104785532e-02
3.497041549156720830e-01 4.275622985661689524e-02
4.179196337414285978e-01 5.308012385401184724e-02
