4.006288109767116566e+03 4.007399131485058660e+03
1.941073150280035620e+01 1.911070274799988411e+01
9.955973473223345138e+00 9.617065489564545544e+00
1.364061990689641846e+00 1.009372722909229303e+00
4.252402292346416091e-01 6.216218947995966887e-02
3.749077452339837357e-01 1.344500106900454843e-02
3.787402740924191158e-01 1.265577972768653671e-02
3.845260864436852999e-01 1.247268668917534025e-02
3.876566072614155423e-01 1.218071140683273795e-02
3.923909953797694583e-01 1.211792945633790620e-02
3.950275040566160745e-01 1.210021771147123254e-02
3.965909258337947940e-01 1.217962319182633833e-02
3.967534074880971207e-01 1.200610788650016518e-02
3.962719192126563095e-01 1.204538252962849068e-02
3.959030888544012305e-01 1.193684061832838046e-02
3.975708619048825554e-01 1.203340044863046750e-02
3.965143788092101995e-01 1.206687079443215758e-02
4.006110059606114993e-01 1.230382218484571410e-02
4.008679100452647859e-01 1.255378801090742402e-02
4.029390974660510549e-01 1.290941889862246006e-02
4.035412234754789940e-01 1.314725215859580132e-02
4.016980281930468411e-01 1.349701705868408021e-02
4.017312200648675558e-01 1.386320223560622011e-02
3.981740461230393602e-01 1.409784118851952622e-02
3.917301661234591226e-01 1.431217119842923512e-02
3.398238263312292617e-01 1.274954004999886634e-02
4.017016610401394350e-01 1.570157301315271842e-02
