1    1.924030362390    0.001524986037    1.0300    42.0000 
2    0.721877092384    0.000597669245    0.8900    55.0000 
3    0.732826943816    0.000697007754    0.8400    59.0000 
4    0.743596308838    0.000821788378    0.7300    70.0000 
5    0.754163950789    0.000973355875    0.5600    85.0000 
6    0.764690749502    0.001170612305    0.7800    65.0000 
7    0.774892583634    0.001379353445    0.6000    81.0000 
8    0.770266513849    0.001089242949    0.5900    82.0000 
9    0.780653002190    0.001215490584    0.6100    81.0000 
10    0.790908444701    0.001363286066    0.5900    82.0000 
11    0.801090726831    0.001533664459    0.5800    83.0000 
12    0.810635178089    0.001696365638    0.8000    63.0000 
13    0.820402325752    0.001908122912    0.7500    68.0000 
14    0.779993225994    0.012083529420    0.6700    67.0000 
15    0.761764959254    0.013690295046    0.4100    87.0000 
16    0.743676700678    0.015704713558    0.2200    97.0000 
17    0.740247545597    0.018941522208    0.6400    70.0000 
18    0.718753359824    0.021382965336    0.2000    98.0000 
19    0.326906034367    0.004191696501    2.3800    3.0000 
20    0.317756090266    0.004398019351    1.9000    8.0000 
21    0.309114910163    0.004893772214    1.6400    13.0000 
22    0.307039407117    0.007530182351    1.3500    23.0000 
23    0.296338009328    0.007104423930    1.1000    36.0000 
24    0.475844718463    0.005160791068    2.7800    1.0000 
25    0.467497678610    0.005481896324    2.2000    4.0000 
26    0.458475717105    0.006055672223    1.8400    9.0000 
27    0.445076901429    0.008628144502    1.4300    20.0000 
28    0.436484298440    0.010082450616    1.1800    32.0000 
29    0.842140987613    0.070182352387    2.3800    3.0000 
30    0.724811594846    0.070666681804    1.9000    8.0000 
31    0.831729887547    0.083686594505    1.3500    23.0000 
32    0.587425161069    0.136403881668    0.9700    44.0000 
33    0.776643931746    0.011319572417    0.6900    66.0000 
34    0.754983589751    0.012465981771    0.4300    86.0000 
35    0.732811162376    0.014313445148    0.2400    96.0000 
36    0.727294957677    0.017603436190    0.6700    67.0000 
37    0.702841102335    0.020399346595    0.2100    97.0000 
38    0.325515147491    0.003965507247    2.4700    2.0000 
39    0.315422412411    0.004122823146    2.0000    6.0000 
40    0.305768508963    0.004687837227    1.7300    11.0000 
41    0.303018103496    0.007243767342    1.4500    19.0000 
42    0.292245115775    0.007062236883    1.1000    36.0000 
43    0.475844718463    0.005160791068    2.7800    1.0000 
44    0.465489463059    0.005183890430    2.2600    3.0000 
45    0.454903250474    0.005721657363    1.9200    7.0000 
46    0.439827739867    0.008621064842    1.4200    20.0000 
47    0.429372013493    0.010327374818    1.1300    34.0000 
48    0.846570210255    0.070775150878    2.4700    2.0000 
49    0.729845131469    0.071293755925    2.0000    6.0000 
50    0.830887420302    0.084512822606    1.4500    19.0000 
51    0.594500855897    0.134601156442    0.9600    45.0000 
