1    1.924030362390    0.001524986037    1.0300    42.0000 
2    0.698216535315    0.000580463623    0.9300    51.0000 
3    0.709602450868    0.000681497835    0.8700    56.0000 
4    0.720792123002    0.000808558896    0.7500    68.0000 
5    0.731760516512    0.000962679900    0.5600    85.0000 
6    0.742659310155    0.001165836526    0.7700    66.0000 
7    0.753226938979    0.001379795083    0.5900    82.0000 
8    0.748759131265    0.001077540564    0.6200    80.0000 
9    0.759485881879    0.001206742170    0.6600    77.0000 
10    0.770060468807    0.001360479892    0.6400    78.0000 
11    0.780556511337    0.001539540374    0.6000    81.0000 
12    0.790354282766    0.001706497139    0.8400    59.0000 
13    0.800407086939    0.001928147092    0.7600    66.0000 
14    0.791498649383    0.012039100175    0.6400    69.0000 
15    0.771456710430    0.013686311666    0.3900    89.0000 
16    0.751627418056    0.015762084005    0.2000    98.0000 
17    0.747540904070    0.019158953533    0.6400    70.0000 
18    0.724022096370    0.021651617562    0.2000    98.0000 
19    0.322908782025    0.004063780622    2.3900    3.0000 
20    0.313346500754    0.004259670265    1.8900    8.0000 
21    0.304249001950    0.004747194619    1.6200    14.0000 
22    0.302298692169    0.007456906562    1.3300    24.0000 
23    0.290790770794    0.006968868377    1.0900    36.0000 
24    0.474355447002    0.005019658454    2.8200    1.0000 
25    0.465625706818    0.005336069460    2.2100    4.0000 
26    0.456074204337    0.005904974100    1.8400    9.0000 
27    0.441686881872    0.008526417530    1.4600    19.0000 
28    0.432245771537    0.009983179665    1.2100    30.0000 
29    0.843310096026    0.070715353761    2.3900    3.0000 
30    0.720934892839    0.070750806107    1.8900    8.0000 
31    0.822951188854    0.083692290356    1.3300    24.0000 
32    0.575166423520    0.135191452544    0.9700    44.0000 
33    0.787980990651    0.011243656986    0.6600    69.0000 
34    0.764487357864    0.012409962047    0.4100    88.0000 
35    0.740509504800    0.014319898218    0.2200    97.0000 
36    0.734678176259    0.017764753510    0.6600    68.0000 
37    0.708134191657    0.020592695275    0.2000    98.0000 
38    0.321490484210    0.003842370559    2.4800    2.0000 
39    0.311045552935    0.004002069482    1.9900    6.0000 
40    0.301024910769    0.004576093420    1.7100    11.0000 
41    0.298480331163    0.007174285661    1.4200    20.0000 
42    0.287033215337    0.006945319101    1.0900    37.0000 
43    0.474355447002    0.005019658454    2.8200    1.0000 
44    0.463571747489    0.005046946174    2.2700    3.0000 
45    0.452533415711    0.005600785579    1.9200    7.0000 
46    0.436747683613    0.008534162072    1.4400    19.0000 
47    0.425554208697    0.010253155496    1.1600    32.0000 
48    0.848371876497    0.071401872993    2.4800    2.0000 
49    0.726955492057    0.071532602684    1.9800    6.0000 
50    0.823321788605    0.084493030387    1.4200    20.0000 
51    0.583645660371    0.132997913205    0.9600    45.0000 
