1    2.249997726800    0.001669826052    2.0000    3.0000 
2    0.767845714570    0.000531434671    1.2500    26.0000 
3    0.790721447302    0.000682789205    1.1500    32.0000 
4    0.813239517718    0.000919114845    1.1400    32.0000 
5    0.835444467274    0.001286098878    1.2700    24.0000 
6    0.855041069198    0.001822495337    1.4600    15.0000 
7    0.876927406133    0.002450558851    1.3000    22.0000 
8    0.830057555547    0.001079387329    1.2900    23.0000 
9    0.850580061460    0.001280009241    1.3000    22.0000 
10    0.870679371415    0.001588123883    1.1000    36.0000 
11    0.890337750829    0.002062738482    0.7600    67.0000 
12    0.910692724979    0.002758488954    1.4800    14.0000 
13    0.929460799005    0.003395273924    0.7400    69.0000 
14    0.688377573286    0.013247363717    1.8700    11.0000 
15    0.651572739735    0.016399116692    1.5400    19.0000 
16    0.618664484623    0.023083473757    1.0200    39.0000 
17    0.606696113713    0.032565864822    2.5200    4.0000 
18    0.572152329996    0.039323983787    1.4700    21.0000 
19    0.273315798207    0.004768076717    0.3500    84.0000 
20    0.259934643348    0.005666749205    0.5900    67.0000 
21    0.242356327564    0.007483456801    1.1400    33.0000 
22    0.253156594253    0.013476900555    0.2700    90.0000 
23    0.226839721367    0.013320874173    0.6000    66.0000 
24    0.408858374049    0.005642379388    0.6200    65.0000 
25    0.396195155184    0.006681853236    0.7300    57.0000 
26    0.379753652830    0.008840868020    1.3600    24.0000 
27    0.355016247361    0.017983341658    0.4800    75.0000 
28    0.316201230297    0.022612055089    1.0200    40.0000 
29    0.630531946652    0.097405817751    0.3500    84.0000 
30    0.448645554048    0.112073539323    0.5900    67.0000 
31    0.522296425904    0.139081288833    0.2700    90.0000 
32    0.263630090410    0.217563116085    0.5500    70.0000 
33    0.687589097100    0.012769525026    1.8700    11.0000 
34    0.648990541781    0.015952184685    1.5300    19.0000 
35    0.614328516607    0.022574028494    1.0300    39.0000 
36    0.588242963019    0.032065900757    2.4600    4.0000 
37    0.553953226847    0.039384802014    1.4900    20.0000 
38    0.272964352337    0.004597497998    0.3600    84.0000 
39    0.259086286200    0.005621567134    0.5800    67.0000 
40    0.240894760409    0.007721779528    1.1100    35.0000 
41    0.246650361180    0.013330366725    0.2300    92.0000 
42    0.220263674635    0.013616370506    0.5500    70.0000 
43    0.408858374049    0.005642379388    0.6200    65.0000 
44    0.395788982554    0.006511369737    0.7300    57.0000 
45    0.378670217655    0.008912614379    1.3600    25.0000 
46    0.344935452310    0.018657195887    0.4500    78.0000 
47    0.305920815516    0.023671006482    0.9900    41.0000 
48    0.634275639450    0.098321171231    0.3600    84.0000 
49    0.453535509139    0.113013280667    0.5800    67.0000 
50    0.507711966538    0.137761247555    0.2300    92.0000 
51    0.257314467269    0.212899435838    0.5600    69.0000 
