1    2.249997726800    0.001669826052    2.0000    3.0000 
2    0.854541960717    0.000605267148    1.2600    25.0000 
3    0.874599671031    0.000749245063    1.2300    26.0000 
4    0.894442158409    0.000965474735    1.2300    26.0000 
5    0.914060988620    0.001287953756    1.2500    25.0000 
6    0.931759889457    0.001767467208    1.2900    23.0000 
7    0.951101083820    0.002289830077    1.1200    34.0000 
8    0.907937861981    0.001118073132    1.2700    24.0000 
9    0.926270454278    0.001301626354    1.2200    27.0000 
10    0.944323435060    0.001577857514    0.9900    45.0000 
11    0.962025441847    0.001992360860    0.6600    76.0000 
12    0.980617301911    0.002626035182    1.4700    14.0000 
13    0.997757842746    0.003169073663    0.7400    69.0000 
14    0.657618927001    0.013354867580    2.1400    7.0000 
15    0.627275590391    0.016394179352    1.7800    13.0000 
16    0.600627204073    0.022390099725    1.1200    34.0000 
17    0.594611136003    0.030414428971    2.5500    4.0000 
18    0.565299289345    0.036668672946    1.4900    20.0000 
19    0.283872835454    0.005154117057    0.4100    80.0000 
20    0.271812628231    0.006118797280    0.7800    54.0000 
21    0.255641322945    0.007908685353    1.3400    25.0000 
22    0.265217891016    0.013386074430    0.3100    87.0000 
23    0.240617094581    0.013569186609    0.6900    60.0000 
24    0.411876928991    0.006105708433    0.6300    64.0000 
25    0.400857946539    0.007143679100    0.8600    49.0000 
26    0.386195041810    0.009190149834    1.6000    17.0000 
27    0.361329910338    0.017554903520    0.7900    53.0000 
28    0.326388326229    0.021730148657    1.2100    30.0000 
29    0.611959749870    0.097780275903    0.4100    80.0000 
30    0.447808644030    0.109278397117    0.7800    54.0000 
31    0.511796911481    0.135440287564    0.3100    87.0000 
32    0.245180670403    0.209851776739    0.6600    62.0000 
33    0.657464452596    0.012972271489    2.1400    7.0000 
34    0.625862447851    0.016047754200    1.7700    13.0000 
35    0.598066444834    0.022028698096    1.1300    34.0000 
36    0.579078564489    0.030088623292    2.5000    4.0000 
37    0.548971974994    0.036850961590    1.5100    20.0000 
38    0.283792942349    0.005002540952    0.4100    80.0000 
39    0.271388969502    0.006091622124    0.7700    54.0000 
40    0.254742726726    0.008151503785    1.3200    26.0000 
41    0.259151838279    0.013405569835    0.2600    90.0000 
42    0.234242486108    0.013971348384    0.6300    64.0000 
43    0.411876928991    0.006105708433    0.6300    64.0000 
44    0.400871653308    0.006984584848    0.8600    49.0000 
45    0.385878901455    0.009245494430    1.6000    17.0000 
46    0.352540298924    0.018239296565    0.7600    55.0000 
47    0.316959879568    0.022784567840    1.1800    32.0000 
48    0.616016338769    0.098681005268    0.4100    80.0000 
49    0.454732855896    0.110363918821    0.7700    55.0000 
50    0.500911790961    0.134432635782    0.2600    90.0000 
51    0.241833793595    0.205898669909    0.6500    62.0000 
