1    3.004237974357    0.002138738905    0.3100    98.0000 
2    0.950668452161    0.000504156665    1.9200    3.0000 
3    0.981234500502    0.000689814332    1.9300    3.0000 
4    1.010658877606    0.001000632469    1.7000    7.0000 
5    1.038910299034    0.001545104456    1.4100    16.0000 
6    1.064588163964    0.002438774335    1.1200    34.0000 
7    1.091541362216    0.003357175662    0.9600    48.0000 
8    1.039982891422    0.001346585426    1.1300    33.0000 
9    1.067393256027    0.001606771975    0.6500    79.0000 
10    1.093989837396    0.002084715847    0.5800    85.0000 
11    1.119234776084    0.002914596133    0.8800    56.0000 
12    1.142214031076    0.004239359620    1.3300    20.0000 
13    1.165375794638    0.005382196502    1.1100    35.0000 
14    0.498138473073    0.009128959213    0.6600    62.0000 
15    0.470971094614    0.010564857152    0.8800    48.0000 
16    0.442861722444    0.013879908222    1.1300    34.0000 
17    0.404937528133    0.019552842804    0.5500    70.0000 
18    0.359421068090    0.021027014447    1.1400    34.0000 
19    0.190701255593    0.002902105252    2.2100    6.0000 
20    0.178238674589    0.003296873811    1.7100    14.0000 
21    0.167039161711    0.004220430491    1.7200    14.0000 
22    0.174040540667    0.007753230154    2.0100    9.0000 
23    0.150112457034    0.007047810165    1.3800    24.0000 
24    0.289535508075    0.003520733122    2.2400    6.0000 
25    0.277967078513    0.004062440389    1.7400    14.0000 
26    0.267601775839    0.005247272578    2.0400    9.0000 
27    0.237405704681    0.009838272648    1.4900    20.0000 
28    0.220886075131    0.012138670829    3.0200    2.0000 
29    0.383970143309    0.058914680380    2.2100    6.0000 
30    0.415694184367    0.066372658763    1.7100    14.0000 
31    0.302254335400    0.075629589957    2.0100    9.0000 
32    0.284996951285    0.119626312860    1.5000    20.0000 
33    0.496792888576    0.008542422901    0.6500    62.0000 
34    0.468594833164    0.009717745756    0.8300    50.0000 
35    0.441244372014    0.013042850371    1.1100    35.0000 
36    0.403775732756    0.018615397204    0.5500    70.0000 
37    0.359721775488    0.020889516043    1.1400    33.0000 
38    0.190204918796    0.002822191251    2.2100    7.0000 
39    0.177222163215    0.003302399498    1.6700    15.0000 
40    0.166086618012    0.004407172335    1.6600    16.0000 
41    0.173169226971    0.007702313597    1.9900    9.0000 
42    0.148954953203    0.007351137054    1.3400    25.0000 
43    0.289535508075    0.003520733122    2.2400    6.0000 
44    0.277148904923    0.003962272635    1.7500    14.0000 
45    0.266288076916    0.005279898130    1.9700    10.0000 
46    0.234754743968    0.010219026523    1.4100    23.0000 
47    0.219341284031    0.012645167275    2.9800    2.0000 
48    0.381790012533    0.059654804221    2.2100    7.0000 
49    0.419178881227    0.067064246453    1.6700    15.0000 
50    0.293272616944    0.075928129038    1.9800    9.0000 
51    0.285030132501    0.119421474496    1.4600    21.0000 
