1    3.004237974357    0.002138738905    0.3100    98.0000 
2    1.021412380015    0.000568070516    1.7400    6.0000 
3    1.049019789096    0.000749282182    1.7200    6.0000 
4    1.075716626557    0.001046975398    1.5400    11.0000 
5    1.101418678540    0.001550710311    1.3600    19.0000 
6    1.124727546057    0.002322756998    1.0000    44.0000 
7    1.149411907790    0.003139989347    0.8700    57.0000 
8    1.101521477016    0.001376849980    1.1000    36.0000 
9    1.126753342283    0.001627793755    0.6800    76.0000 
10    1.151263480420    0.002079504519    0.6200    82.0000 
11    1.174776696869    0.002843053242    0.8300    61.0000 
12    1.195554634727    0.003985315637    1.3400    19.0000 
13    1.217360952214    0.005040529351    1.1400    32.0000 
14    0.480258973270    0.008966719362    0.5500    70.0000 
15    0.456984984036    0.010335474631    0.7800    54.0000 
16    0.433853722060    0.013349046151    1.1500    33.0000 
17    0.397513825903    0.018258102148    0.6500    62.0000 
18    0.357624530316    0.019799372803    1.1700    32.0000 
19    0.194556315011    0.003027275222    2.3500    5.0000 
20    0.183382401293    0.003443903577    1.7800    13.0000 
21    0.173108028894    0.004333540824    1.7000    15.0000 
22    0.179550465701    0.007503659718    1.7300    14.0000 
23    0.157709255433    0.006992587138    1.3600    24.0000 
24    0.289629849883    0.003679654362    2.4900    4.0000 
25    0.279605611508    0.004223863434    1.9000    11.0000 
26    0.270309824012    0.005337321339    2.1100    8.0000 
27    0.242787363972    0.009538477883    1.6800    15.0000 
28    0.228179194426    0.011663801758    3.0200    2.0000 
29    0.383283962602    0.058528335689    2.3500    5.0000 
30    0.409881113605    0.065439842054    1.7800    13.0000 
31    0.311366483466    0.074068929660    1.7300    14.0000 
32    0.299215632889    0.117096169225    1.4400    22.0000 
33    0.479647046931    0.008453781490    0.5400    70.0000 
34    0.456081525926    0.009630161746    0.7600    55.0000 
35    0.433569038301    0.012712981021    1.1500    33.0000 
36    0.399646565925    0.017689019725    0.6700    61.0000 
37    0.360016755056    0.020022603380    1.2000    31.0000 
38    0.194283210743    0.002959417013    2.3500    5.0000 
39    0.182841438786    0.003477124040    1.7600    13.0000 
40    0.172598818246    0.004579374480    1.6800    15.0000 
41    0.179736054802    0.007600149422    1.7300    14.0000 
42    0.157398239835    0.007447222648    1.3500    25.0000 
43    0.289629849883    0.003679654362    2.4900    4.0000 
44    0.279161043445    0.004141481418    1.9100    11.0000 
45    0.269752220861    0.005408944271    2.0900    8.0000 
46    0.241891458455    0.010061737584    1.6500    16.0000 
47    0.227918220110    0.012386099833    3.0500    2.0000 
48    0.381961400808    0.059279172715    2.3500    5.0000 
49    0.413995171903    0.066240042877    1.7600    13.0000 
50    0.304453100543    0.074688311634    1.7300    14.0000 
51    0.298729228268    0.117360551340    1.4200    22.0000 
