1    3.004237974357    0.002138738905    0.3100    98.0000 
2    0.876368254066    0.000448907509    2.0400    2.0000 
3    0.910441401395    0.000642428698    2.0600    2.0000 
4    0.943061808723    0.000975305487    1.7900    5.0000 
5    0.974264750683    0.001582745454    1.4100    16.0000 
6    1.002742189738    0.002654607058    1.2800    23.0000 
7    1.032248138637    0.003733881631    1.0600    39.0000 
8    0.975696972193    0.001337563611    1.1400    33.0000 
9    1.005553957245    0.001613375294    0.6200    81.0000 
10    1.034483493766    0.002132731231    0.5400    88.0000 
11    1.061596629245    0.003061223028    0.9300    51.0000 
12    1.087142460694    0.004644888292    1.2900    22.0000 
13    1.111779720865    0.005912789243    1.0600    39.0000 
14    0.515142642643    0.009422061004    0.7500    56.0000 
15    0.483048620886    0.010967578666    0.9400    44.0000 
16    0.448754865338    0.014714872693    1.0900    36.0000 
17    0.409636735800    0.021403467787    0.4200    79.0000 
18    0.357910154491    0.022795717723    1.0700    37.0000 
19    0.185057699365    0.002797240441    1.9900    9.0000 
20    0.171260224384    0.003168937901    1.5700    18.0000 
21    0.159150068433    0.004138245444    1.6800    15.0000 
22    0.166448014950    0.008098725319    2.2500    6.0000 
23    0.140700026436    0.007169493361    1.3900    24.0000 
24    0.287240308084    0.003385630224    1.9500    10.0000 
25    0.273918469337    0.003927710429    1.5400    19.0000 
26    0.262371477511    0.005201938924    1.9200    10.0000 
27    0.229600460255    0.010281149217    1.2400    29.0000 
28    0.210901203677    0.012788243471    2.9100    2.0000 
29    0.386350448908    0.059233446947    1.9900    9.0000 
30    0.419711323366    0.067198492230    1.5700    18.0000 
31    0.294041410028    0.077433705423    2.2600    6.0000 
32    0.264788092641    0.123161992804    1.5300    19.0000 
33    0.513256122631    0.008757036903    0.7400    57.0000 
34    0.479480682973    0.009961797209    0.8800    48.0000 
35    0.446458195367    0.013635694858    1.0600    38.0000 
36    0.405104360953    0.019984026188    0.4100    80.0000 
37    0.356469958309    0.022183241755    1.0600    37.0000 
38    0.184425736000    0.002706961730    1.9700    10.0000 
39    0.169910487154    0.003146797230    1.5100    20.0000 
40    0.157993929994    0.004256910913    1.5900    17.0000 
41    0.164758883090    0.007871684670    2.2000    7.0000 
42    0.138928796023    0.007289091622    1.3200    26.0000 
43    0.287240308084    0.003385629986    1.9500    10.0000 
44    0.272856228523    0.003810807652    1.5500    19.0000 
45    0.260499908829    0.005194158299    1.8200    12.0000 
46    0.225410565848    0.010484523421    1.1300    34.0000 
47    0.208398144446    0.013043922451    2.8100    2.0000 
48    0.383470481165    0.059957598197    1.9700    10.0000 
49    0.422630129536    0.067747005701    1.5100    20.0000 
50    0.283013661007    0.077439878638    2.2000    7.0000 
51    0.264713326493    0.122545066211    1.4800    20.0000 
