1    2.253509044817    0.001307759577    0.6700    76.0000 
2    0.856027380794    0.000458422128    0.8600    57.0000 
3    0.875979655945    0.000567917925    0.9100    52.0000 
4    0.895475614572    0.000734457683    0.8800    55.0000 
5    0.914728639566    0.000989725786    0.7800    65.0000 
6    0.932389507398    0.001419590963    1.0600    39.0000 
7    0.950817516747    0.001937727275    1.1100    35.0000 
8    0.912099620876    0.000891893250    0.9300    51.0000 
9    0.930838267499    0.001035143538    0.9100    53.0000 
10    0.949152859419    0.001262817217    0.7700    66.0000 
11    0.967187774659    0.001616391884    0.6600    77.0000 
12    0.985893514734    0.002209994881    0.5000    89.0000 
13    1.003330920116    0.002787541286    0.7500    68.0000 
14    0.678545275461    0.020597944473    0.6300    64.0000 
15    0.661753994476    0.023419144438    1.0500    38.0000 
16    0.651566423032    0.028549584080    1.6800    15.0000 
17    0.640613543963    0.038718168122    1.0100    40.0000 
18    0.627192917619    0.034863449231    1.1700    32.0000 
19    0.287760918465    0.008292016178    0.4700    76.0000 
20    0.274071507880    0.009144970685    0.7100    58.0000 
21    0.258118094958    0.010583899900    1.2800    27.0000 
22    0.274266193415    0.016150519914    0.6600    62.0000 
23    0.248867725759    0.013145271965    1.0500    38.0000 
24    0.417843812778    0.010740164765    0.4800    75.0000 
25    0.403976708929    0.011645072198    0.4300    79.0000 
26    0.388468354481    0.013267518513    0.9600    43.0000 
27    0.367058549496    0.022231741662    0.7800    54.0000 
28    0.351681322168    0.021055483376    1.2500    29.0000 
29    0.532735858846    0.082098387006    0.4700    76.0000 
30    0.398576732634    0.099338131012    0.7100    58.0000 
31    0.434219876749    0.130052758999    0.6600    62.0000 
32    0.386066267841    0.196030181524    1.4400    22.0000 
33    0.674155286172    0.019856398721    0.6700    62.0000 
34    0.652521456876    0.021631347963    1.1300    34.0000 
35    0.637977118023    0.025389874561    1.7600    13.0000 
36    0.616697390482    0.033325151255    0.9900    41.0000 
37    0.595451580000    0.035147928047    1.2700    28.0000 
38    0.286183224102    0.008040536135    0.4900    74.0000 
39    0.271415343707    0.008592381970    0.7100    59.0000 
40    0.255563239369    0.009713580183    1.2200    30.0000 
41    0.266249307023    0.014565764827    0.6100    66.0000 
42    0.237219580415    0.013820056773    0.8900    47.0000 
43    0.417843812778    0.010740164765    0.4800    75.0000 
44    0.401665895927    0.011264024190    0.4400    78.0000 
45    0.384984695921    0.012440917319    0.9200    45.0000 
46    0.356115867270    0.019747281040    0.7100    58.0000 
47    0.334058662697    0.022051816964    1.1200    34.0000 
48    0.535521271186    0.081588200394    0.4900    74.0000 
49    0.417684438415    0.096729163117    0.7100    59.0000 
50    0.436497435125    0.123352814374    0.6100    66.0000 
51    0.355941727427    0.190582124121    1.2200    30.0000 
