1    2.253509044817    0.001307759577    0.6700    76.0000 
2    0.769367474203    0.000404267287    0.9600    48.0000 
3    0.792143554664    0.000518285827    0.9900    45.0000 
4    0.814224008667    0.000696701670    0.9500    49.0000 
5    0.835864867168    0.000982273853    0.8800    55.0000 
6    0.855815383909    0.001469683783    1.0600    39.0000 
7    0.876068408885    0.002055689194    1.1900    29.0000 
8    0.834595714296    0.000866992860    0.9100    52.0000 
9    0.855653026628    0.001016731061    0.8500    58.0000 
10    0.876076338814    0.001262122891    0.7000    73.0000 
11    0.896063056844    0.001658631285    0.6600    77.0000 
12    0.917425975000    0.002351903624    0.4900    90.0000 
13    0.936273282633    0.002984853560    0.9100    53.0000 
14    0.714188673326    0.021027022756    0.5600    69.0000 
15    0.690694458749    0.024128325947    1.1700    32.0000 
16    0.676933765666    0.030070299190    1.9800    9.0000 
17    0.667018084596    0.041860161357    0.9400    44.0000 
18    0.644792616582    0.038551778971    1.3700    24.0000 
19    0.277359794081    0.007770178598    0.4400    78.0000 
20    0.262313121733    0.008598718646    0.6800    61.0000 
21    0.245094143597    0.010079745409    1.2500    29.0000 
22    0.260267640805    0.016204213919    0.7200    58.0000 
23    0.232627521498    0.013124985079    1.0400    38.0000 
24    0.415524491759    0.010254837691    0.4300    79.0000 
25    0.399758505236    0.011171084606    0.3800    83.0000 
26    0.382456412576    0.012876961886    0.9100    46.0000 
27    0.357259772396    0.022779679870    0.9300    45.0000 
28    0.339499066783    0.022154864074    1.4400    22.0000 
29    0.561116583653    0.083577133062    0.4400    78.0000 
30    0.410219071080    0.103425486224    0.6800    61.0000 
31    0.438330282612    0.137458473111    0.7200    58.0000 
32    0.383505439110    0.206999802858    1.5900    17.0000 
33    0.707728383276    0.020152553794    0.6100    66.0000 
34    0.678053710048    0.022053604555    1.2600    28.0000 
35    0.659333453959    0.026404074504    2.0800    8.0000 
36    0.633388736228    0.035321833470    0.9100    46.0000 
37    0.604164531059    0.037855611642    1.4700    21.0000 
38    0.275241113927    0.007506314723    0.4700    76.0000 
39    0.258721652260    0.008018131601    0.7000    59.0000 
40    0.241523487528    0.009164593136    1.1800    32.0000 
41    0.249559677827    0.014417955384    0.6700    61.0000 
42    0.219278296895    0.013463973200    0.8700    48.0000 
43    0.415524491759    0.010254837691    0.4300    79.0000 
44    0.396503765926    0.010759498013    0.4000    81.0000 
45    0.377541157528    0.011989583248    0.8600    49.0000 
46    0.342374613949    0.019963427271    0.8400    50.0000 
47    0.318389372464    0.022622215465    1.2900    27.0000 
48    0.562561773486    0.083052783374    0.4700    76.0000 
49    0.432088711407    0.100630200639    0.7000    59.0000 
50    0.439206145262    0.129549757687    0.6700    61.0000 
51    0.350404533548    0.199176287041    1.3200    26.0000 
