1    2.255773920184    0.001860047310    1.2700    24.0000 
2    0.856890895045    0.000662869451    0.4900    90.0000 
3    0.877062903289    0.000822235426    0.4900    89.0000 
4    0.896625233266    0.001061423628    0.4400    93.0000 
5    0.915387072886    0.001419650537    0.4100    94.0000 
6    0.934810591388    0.002021887017    0.0600    100.0000 
7    0.952711138433    0.002600197649    0.1000    100.0000 
8    0.912623696783    0.001269791384    0.6000    82.0000 
9    0.931467934195    0.001454548406    0.7200    71.0000 
10    0.949443125213    0.001733601802    0.6800    74.0000 
11    0.966614993051    0.002165485728    0.7200    71.0000 
12    0.985241307421    0.002852531877    0.5800    83.0000 
13    1.001560610532    0.003468448835    0.5700    84.0000 
14    0.693441684519    0.015451851674    1.0400    38.0000 
15    0.672448623366    0.018360499566    1.1600    32.0000 
16    0.656815545656    0.025015757609    1.3600    25.0000 
17    0.600698970765    0.036034232870    0.6900    60.0000 
18    0.582346404433    0.040404701274    1.9100    11.0000 
19    0.296218964960    0.005920438908    0.9900    41.0000 
20    0.281015912993    0.007015930635    1.1500    33.0000 
21    0.267665957233    0.009185644733    1.0400    39.0000 
22    0.282825675965    0.015482414498    0.2700    90.0000 
23    0.246817600301    0.015796108070    0.5500    70.0000 
24    0.428727713122    0.006919100645    1.0500    38.0000 
25    0.416798461633    0.008117668490    1.0700    37.0000 
26    0.402646880870    0.010380970123    0.8900    47.0000 
27    0.366663262038    0.020553994460    0.7500    56.0000 
28    0.354113975601    0.025396525668    1.2000    31.0000 
29    0.581082117467    0.104373512216    0.9900    41.0000 
30    0.539307993221    0.120164190396    1.1500    33.0000 
31    0.359302311780    0.151120819581    0.2700    90.0000 
32    0.508093311858    0.239092133656    0.7300    57.0000 
33    0.688710725347    0.014613856875    1.0200    40.0000 
34    0.666039756672    0.017437666946    1.1400    34.0000 
35    0.651724268717    0.024322296693    1.3400    25.0000 
36    0.581759136898    0.034710237388    0.6500    63.0000 
37    0.565556470704    0.039817086093    1.9100    11.0000 
38    0.294311219619    0.005725769809    0.9500    43.0000 
39    0.278694809048    0.006832915125    1.1100    35.0000 
40    0.265781756283    0.009158932697    1.0200    40.0000 
41    0.275451920211    0.015306327986    0.2200    93.0000 
42    0.240814222804    0.016139503580    0.5700    69.0000 
43    0.428727713122    0.006919100515    1.0500    38.0000 
44    0.413636096253    0.007782165028    1.0900    36.0000 
45    0.398401247349    0.010043640251    0.9200    45.0000 
46    0.355460357293    0.020610482497    0.7900    53.0000 
47    0.344982594273    0.025795282864    1.3100    26.0000 
48    0.573150532062    0.104603667254    0.9500    43.0000 
49    0.523904001754    0.121053673577    1.1100    35.0000 
50    0.344806319965    0.148437168668    0.2200    93.0000 
51    0.509260440688    0.233994364053    0.7600    55.0000 
