1    2.255773920184    0.001860047310    1.2700    24.0000 
2    0.770081451916    0.000579226264    0.4400    93.0000 
3    0.793090967381    0.000748401386    0.4200    94.0000 
4    0.815291530959    0.001009177584    0.3400    97.0000 
5    0.836479477160    0.001412526571    0.2700    99.0000 
6    0.858062132864    0.002097051630    0.1400    100.0000 
7    0.878204869944    0.002781791551    0.0900    100.0000 
8    0.834789212704    0.001243146798    0.5400    86.0000 
9    0.855884890109    0.001442395423    0.5900    82.0000 
10    0.875883576916    0.001745024822    0.5300    87.0000 
11    0.894902657186    0.002224524149    0.5400    86.0000 
12    0.915422388034    0.003041469346    0.6300    79.0000 
13    0.933137313328    0.003705040286    0.5900    83.0000 
14    0.719919379306    0.015725717262    0.6500    63.0000 
15    0.692783350508    0.018774075609    0.8100    52.0000 
16    0.673116462468    0.026260130394    1.0000    41.0000 
17    0.600401686968    0.039773883899    0.5400    70.0000 
18    0.578407228093    0.043706401273    1.9200    10.0000 
19    0.283318680873    0.005488794753    1.0600    37.0000 
20    0.265638497913    0.006510190420    1.3700    24.0000 
21    0.250785561177    0.008657337826    1.3000    27.0000 
22    0.266965083283    0.015760262817    0.2800    89.0000 
23    0.225182934481    0.015530373058    0.5700    68.0000 
24    0.422485588756    0.006386992788    1.1000    36.0000 
25    0.407933681462    0.007609726784    1.2600    28.0000 
26    0.391886360972    0.009968809084    1.1200    34.0000 
27    0.346023642005    0.021298131882    0.9400    44.0000 
28    0.334586896871    0.026318514163    1.1900    31.0000 
29    0.566201580058    0.107547883301    1.0600    37.0000 
30    0.546502304329    0.123989858910    1.3700    24.0000 
31    0.300538418342    0.158091488409    0.2800    89.0000 
32    0.533189796973    0.246601950787    0.7700    54.0000 
33    0.713519396777    0.014741529541    0.6300    64.0000 
34    0.684195912619    0.017695973952    0.8000    53.0000 
35    0.666070940964    0.025349970794    0.9900    41.0000 
36    0.577358507209    0.038037219961    0.5200    72.0000 
37    0.560645405388    0.042896760204    1.9400    10.0000 
38    0.281022461671    0.005275686831    1.0100    40.0000 
39    0.262836925949    0.006307792665    1.3100    26.0000 
40    0.248538773039    0.008580112310    1.2700    28.0000 
41    0.258931168407    0.015417441171    0.2400    92.0000 
42    0.219317606538    0.015792231779    0.5900    67.0000 
43    0.422485588756    0.006386992736    1.1000    36.0000 
44    0.404068934517    0.007247662325    1.2900    27.0000 
45    0.386773754953    0.009598869113    1.1700    32.0000 
46    0.334076572740    0.021314371441    0.9900    41.0000 
47    0.325436024860    0.026650326777    1.3000    27.0000 
48    0.558027868642    0.107591525290    1.0100    40.0000 
49    0.532067660409    0.124545717826    1.3100    26.0000 
50    0.286961483715    0.154647504697    0.2400    92.0000 
51    0.535040397443    0.240735266743    0.8000    52.0000 
