1    3.006701824518    0.002346932328    1.3000    21.0000 
2    0.954524366189    0.000552980611    0.6500    79.0000 
3    0.985153797542    0.000754455761    0.7900    65.0000 
4    1.014587805275    0.001098858861    0.9200    52.0000 
5    1.042809711777    0.001688546765    1.3500    19.0000 
6    1.066876042179    0.002542672673    0.7900    65.0000 
7    1.092077642027    0.003509037479    1.0600    39.0000 
8    1.048319133177    0.001595831984    1.1800    29.0000 
9    1.075679464472    0.001946563130    0.9600    48.0000 
10    1.101477169839    0.002543735583    1.0300    42.0000 
11    1.125298300630    0.003471086177    1.2600    24.0000 
12    1.149462920719    0.005043723415    0.6100    82.0000 
13    1.171425584332    0.006145912971    1.0200    42.0000 
14    0.501928029109    0.011036613890    0.6200    65.0000 
15    0.479688807282    0.012933947188    1.2400    29.0000 
16    0.457036045899    0.016904473451    1.6800    15.0000 
17    0.479743430588    0.023234003391    1.5400    19.0000 
18    0.447206016105    0.025965694470    2.1500    7.0000 
19    0.189209281563    0.003431242509    0.8900    47.0000 
20    0.179862430721    0.003969897095    1.1900    31.0000 
21    0.172342675900    0.005045534261    1.3000    27.0000 
22    0.170182415578    0.008183004755    1.8200    12.0000 
23    0.170099931419    0.007949759268    0.9200    45.0000 
24    0.292178301336    0.004435219246    0.7900    53.0000 
25    0.281514672171    0.005130266706    0.9900    41.0000 
26    0.274612862878    0.006470245879    1.1000    36.0000 
27    0.273550832223    0.011673545747    0.4400    78.0000 
28    0.280136004939    0.014281152048    0.7700    54.0000 
29    0.554753238079    0.066194676740    0.8900    47.0000 
30    0.559094252467    0.074542683827    1.1900    31.0000 
31    0.627609914162    0.085267474068    1.8200    12.0000 
32    0.592589114421    0.133761280870    0.9200    45.0000 
33    0.499935433079    0.010453232803    0.5900    67.0000 
34    0.479229041815    0.011943715345    1.2300    30.0000 
35    0.462492408079    0.015810454458    1.7400    14.0000 
36    0.480368755287    0.021454591264    1.5500    19.0000 
37    0.460186525498    0.024462407456    2.3600    5.0000 
38    0.188697227584    0.003336866227    0.8400    50.0000 
39    0.179821159828    0.003940193437    1.1900    31.0000 
40    0.173659648046    0.005218873665    1.4100    23.0000 
41    0.170129213287    0.008561603739    1.8400    12.0000 
42    0.171949258707    0.008412345256    0.9800    42.0000 
43    0.292178301336    0.004435219246    0.7900    53.0000 
44    0.280602058936    0.004990789633    0.9400    44.0000 
45    0.274156431754    0.006440117424    1.0800    36.0000 
46    0.272279020752    0.012001202354    0.4300    79.0000 
47    0.282302932699    0.014620093615    0.8100    52.0000 
48    0.553226065929    0.066937779277    0.8400    50.0000 
49    0.553694724305    0.075905837956    1.1900    31.0000 
50    0.621610862859    0.085012423675    1.8400    12.0000 
51    0.599100239174    0.134557690769    0.9800    42.0000 
