1    3.006701824518    0.002346932328    1.3000    21.0000 
2    0.879953896864    0.000490113785    0.6000    83.0000 
3    0.914095123073    0.000694005522    0.8300    61.0000 
4    0.946723228883    0.001057295843    0.9900    45.0000 
5    0.977751013777    0.001710486246    1.4400    15.0000 
6    1.004934366254    0.002706935879    0.8400    60.0000 
7    1.032619140493    0.003825728450    1.0500    40.0000 
8    0.984589033617    0.001574501033    1.0900    37.0000 
9    1.014689990626    0.001952454886    0.8900    55.0000 
10    1.042999811278    0.002625309477    0.9100    53.0000 
11    1.068897865965    0.003681893663    1.1700    30.0000 
12    1.095447260898    0.005541980594    0.4800    92.0000 
13    1.119940021407    0.006822235136    0.8900    55.0000 
14    0.519302674811    0.011436026095    0.7400    57.0000 
15    0.492342481548    0.013577397978    1.3800    24.0000 
16    0.465295807624    0.018096613388    1.6300    16.0000 
17    0.494667679969    0.025870673520    1.6700    15.0000 
18    0.455861034032    0.028925400895    2.2000    7.0000 
19    0.183455482313    0.003307958865    0.8900    47.0000 
20    0.172773187319    0.003874185289    1.2100    31.0000 
21    0.164308412347    0.005020800090    1.2500    29.0000 
22    0.161748051194    0.008535003889    1.8600    11.0000 
23    0.161661587825    0.008242891030    0.9300    44.0000 
24    0.290131131067    0.004270477446    0.8900    47.0000 
25    0.277735264201    0.005042248030    1.1200    34.0000 
26    0.270076975926    0.006534547677    1.2500    29.0000 
27    0.269366420791    0.012510239671    0.5800    68.0000 
28    0.278436153376    0.015490600135    0.9600    43.0000 
29    0.560189730630    0.066898908135    0.8900    47.0000 
30    0.577116311953    0.076191271669    1.2100    31.0000 
31    0.637401708842    0.088102283371    1.8600    11.0000 
32    0.642119131637    0.139521470127    0.9500    43.0000 
33    0.515325965998    0.010714714599    0.6900    60.0000 
34    0.488627117984    0.012281835552    1.3300    26.0000 
35    0.467371898803    0.016571092424    1.6500    16.0000 
36    0.489965732974    0.022925131707    1.6400    16.0000 
37    0.463368606536    0.026084118529    2.3500    5.0000 
38    0.182372554945    0.003198046851    0.7800    54.0000 
39    0.171709563072    0.003796778995    1.1100    35.0000 
40    0.164377134461    0.005092875687    1.2600    28.0000 
41    0.160110674339    0.008720162293    1.9300    10.0000 
42    0.161259228922    0.008362801153    0.9400    44.0000 
43    0.290131131067    0.004270477425    0.8900    47.0000 
44    0.275882061818    0.004865357842    1.0100    40.0000 
45    0.267956189691    0.006398322601    1.1600    33.0000 
46    0.265156275597    0.012370337360    0.5400    70.0000 
47    0.276704209586    0.015058704160    0.9400    44.0000 
48    0.557907011364    0.067472121542    0.7800    54.0000 
49    0.570420340112    0.077194394981    1.1100    35.0000 
50    0.626439060639    0.086959776729    1.9300    10.0000 
51    0.646007660732    0.138456403575    0.9400    44.0000 
