1    3.006701824518    0.002346932328    1.3000    21.0000 
2    1.025506580508    0.000626326727    0.7400    70.0000 
3    1.053147551576    0.000828710751    0.7700    67.0000 
4    1.079820110072    0.001162216106    0.8100    63.0000 
5    1.105564219541    0.001710192821    1.1700    30.0000 
6    1.127021493890    0.002476205774    0.7100    73.0000 
7    1.150023860759    0.003340442824    1.0100    43.0000 
8    1.109308317699    0.001640305094    1.2300    26.0000 
9    1.134277756036    0.001969492790    1.0300    41.0000 
10    1.157821012508    0.002512740801    1.1600    31.0000 
11    1.179686581280    0.003348187558    1.3800    18.0000 
12    1.201750522956    0.004708306704    0.7400    70.0000 
13    1.221526001646    0.005690361869    1.1800    29.0000 
14    0.483741592462    0.010800745189    0.4800    75.0000 
15    0.465366040437    0.012494428494    1.0600    38.0000 
16    0.446378652694    0.016022999907    1.6600    16.0000 
17    0.463240896553    0.021351793418    1.3900    24.0000 
18    0.437142257075    0.023840647732    2.0000    9.0000 
19    0.193251009079    0.003564439735    0.9000    46.0000 
20    0.185049585824    0.004074915987    1.1900    31.0000 
21    0.178361150600    0.005086391611    1.3400    25.0000 
22    0.176731184496    0.007920130795    1.7800    13.0000 
23    0.176605319832    0.007748332362    0.9500    44.0000 
24    0.292016895925    0.004606945245    0.7200    58.0000 
25    0.282858905163    0.005231891327    0.9000    46.0000 
26    0.276657099644    0.006445258621    0.9900    41.0000 
27    0.275202445438    0.011054231661    0.3800    82.0000 
28    0.279937262050    0.013410548571    0.6500    62.0000 
29    0.544757065693    0.065597071810    0.9000    46.0000 
30    0.540316857538    0.073187469916    1.1900    31.0000 
31    0.613022019712    0.083054910102    1.7800    13.0000 
32    0.546597246753    0.129614113107    0.9300    45.0000 
33    0.483454711548    0.010329278441    0.4700    75.0000 
34    0.467912947873    0.011751837111    1.0900    36.0000 
35    0.455343980846    0.015293935588    1.7800    13.0000 
36    0.469170243020    0.020450824109    1.4300    22.0000 
37    0.455545895693    0.023330111318    2.2800    6.0000 
38    0.193305085277    0.003489060319    0.9000    46.0000 
39    0.186086095728    0.004096810979    1.2900    27.0000 
40    0.181103210588    0.005361125513    1.5800    18.0000 
41    0.178484459863    0.008467599849    1.7600    13.0000 
42    0.180901789237    0.008494167105    1.0900    36.0000 
43    0.292016895925    0.004606945453    0.7200    58.0000 
44    0.282846898851    0.005130914970    0.9000    46.0000 
45    0.277910101134    0.006514910830    1.0500    38.0000 
46    0.277060804628    0.011750023435    0.4000    81.0000 
47    0.286187391460    0.014333326931    0.7600    55.0000 
48    0.543891562228    0.066466871006    0.9000    46.0000 
49    0.536265557676    0.074841441195    1.2900    27.0000 
50    0.612737166226    0.083632933311    1.7600    13.0000 
51    0.556452074404    0.131922358201    1.0700    37.0000 
