8.727246147871133871e+03 8.729892546361586938e+03
2.299937474797921197e+02 2.298914068995410673e+02
3.013799932567298256e+01 2.994097822530879682e+01
2.954336627999068821e+00 2.727186224536870540e+00
4.394594829216192933e-01 1.921331473107928955e-01
2.739429321801801764e-01 1.609162792591696187e-02
2.807441194325357992e-01 1.223995583201971209e-02
2.978578836798403962e-01 1.303788786383510215e-02
3.089671206021501471e-01 1.379250952678774331e-02
3.170812129991706918e-01 1.456985157437064651e-02
3.251637712742217468e-01 1.540212249467537431e-02
3.331368553396419352e-01 1.621677794897231559e-02
3.424564514868397302e-01 1.690174043930994796e-02
3.430118611995509048e-01 1.784951259383703651e-02
3.464067541453225707e-01 1.892849848422063774e-02
3.545166670758085892e-01 1.956668788290958153e-02
3.511767887367324703e-01 2.070958811183384179e-02
3.557214934697353059e-01 2.217754328781621626e-02
3.611671540775473477e-01 2.307467321004476671e-02
3.635702706423428743e-01 2.398818406536898373e-02
3.772990844773140284e-01 2.573847305104533245e-02
3.727743565570376116e-01 2.665329648737918555e-02
3.822798828191044107e-01 2.799793425234466809e-02
3.821098006383129020e-01 2.836333636123010080e-02
3.786752642430984972e-01 2.843506957445940744e-02
3.262240569502443677e-01 2.476796110480714366e-02
3.562384361067231220e-01 2.658504238276315421e-02
