6.553166891053038853e+03 6.558201023946432542e+03
1.650530102250665720e+02 1.655251373680160611e+02
1.446021712536105319e+01 1.485461282983514408e+01
5.640432930984713433e-01 9.574671130914191863e-01
3.172740097050811281e-01 8.149544611244291525e-02
3.928290175626892311e-01 1.773895734201000329e-02
4.030059909258149053e-01 1.597503290178394625e-02
4.056615575540327145e-01 1.528427085833949407e-02
4.056237908364794809e-01 1.454220788469474772e-02
4.086854130511969885e-01 1.399330940543882032e-02
4.095070958579024034e-01 1.358397399672423879e-02
4.101365714672181584e-01 1.326964690484642127e-02
4.086739011033381774e-01 1.275744399541366321e-02
4.073635155602998159e-01 1.247062082451000885e-02
4.059787271700945888e-01 1.205139284668898386e-02
4.079316878353111409e-01 1.190334877003516000e-02
4.060542500304384350e-01 1.166936484030280108e-02
4.097060914215225891e-01 1.160542341912542894e-02
4.095710636207765543e-01 1.157298326049903577e-02
4.114946213762212257e-01 1.168367563243845851e-02
4.104055347286973410e-01 1.173813795879453427e-02
4.091654771808599933e-01 1.180062516974408893e-02
4.090004487129885735e-01 1.197292545967089915e-02
4.055203649741402905e-01 1.198463598737749963e-02
3.981730770686677245e-01 1.197993616720548736e-02
3.452818681554292168e-01 1.050700758131414489e-02
4.125951514636586603e-01 1.310171346071692042e-02
