3.964812780660050521e+03 3.967792316071849655e+03
1.920435648504941284e+01 1.891560065212515340e+01
9.847340105932140375e+00 9.516046955365494497e+00
1.348797228052192931e+00 9.987592937247877778e-01
4.203627756262422466e-01 6.246781781093378727e-02
3.705029499852913744e-01 1.610990328268247646e-02
3.741847613886225554e-01 1.522798536193125871e-02
3.797937083254374624e-01 1.477289293949281442e-02
3.827775856098379337e-01 1.424255740462474461e-02
3.873429814278704364e-01 1.384287345333323760e-02
3.898354624725381412e-01 1.357525447270860851e-02
3.912678212588697746e-01 1.339109156905276057e-02
3.913175938347330240e-01 1.299727451625051419e-02
3.907323393843509240e-01 1.282140529102777579e-02
3.902584359298663097e-01 1.249850068084092103e-02
3.917917682779235578e-01 1.241884919690468964e-02
3.906403053065557462e-01 1.228902899781888526e-02
3.945647984897759919e-01 1.230964069562434995e-02
3.947063398777250209e-01 1.237893371199383710e-02
3.966336622016121694e-01 1.253113875323029307e-02
3.971142002936715043e-01 1.268137787743032346e-02
3.951887391347602696e-01 1.287351678962255982e-02
3.951097938140704091e-01 1.310673829875670139e-02
3.915006700954987706e-01 1.319223326039682849e-02
3.850560295484335427e-01 1.331300615119936775e-02
3.339397267458871221e-01 1.167990074459379635e-02
3.946346724981934506e-01 1.441161684927346268e-02
