6.668234850410274703e+03 6.673454576760984310e+03
1.723924483628157134e+02 1.722562956074471003e+02
2.433384138229651938e+01 2.405419259768340012e+01
2.422177333763149587e+00 2.111069849850113922e+00
4.673348875471465824e-01 1.424866603201315474e-01
3.448246881304379285e-01 1.756915647632247002e-02
3.462050051168517051e-01 1.452789206667082396e-02
3.543258344219379907e-01 1.427134992403323623e-02
3.594656546671014530e-01 1.393292239583916389e-02
3.649318011622410540e-01 1.365398389710141894e-02
3.685287346518950624e-01 1.346619174100570707e-02
3.707011243208036544e-01 1.339292849744108498e-02
3.720403106476398158e-01 1.311821606818554947e-02
3.715193393658344778e-01 1.304147531583126768e-02
3.718295662295772464e-01 1.277854991700057806e-02
3.735307250524769751e-01 1.275585757720246703e-02
3.719362166017609050e-01 1.271150584459185100e-02
3.758001033057541962e-01 1.283636186779030935e-02
3.768910274266290550e-01 1.292466165422359939e-02
3.795894881743928639e-01 1.311721833542760403e-02
3.823273523876704050e-01 1.335631474955041934e-02
3.791048834508417564e-01 1.356616678603337137e-02
3.798431871899058399e-01 1.384516255776693620e-02
3.765184532587967925e-01 1.402121114271665317e-02
3.700192824562588689e-01 1.414919302938186588e-02
3.207584361132437833e-01 1.243267298561137081e-02
3.731651041758402565e-01 1.509123296946649796e-02
