4.058475526430601803e+03 4.059718703703431856e+03
1.734997618529705221e+02 1.733564894528742286e+02
3.235568619523757405e+01 3.212955560683963085e+01
3.270232787657047613e+00 3.014474145764894697e+00
4.768248826903757065e-01 2.028981525582773393e-01
3.017353417981176733e-01 1.893909133545383303e-02
3.040392471301900934e-01 1.312763410510758670e-02
3.193428590599617922e-01 1.371795658509488910e-02
3.302959991019874253e-01 1.423520972130101585e-02
3.382715786561222848e-01 1.491934879040072125e-02
3.455982137071675897e-01 1.554447746002365557e-02
3.521371134806142722e-01 1.628143763153991341e-02
3.595165582784443092e-01 1.692683115369257585e-02
3.615276265380346632e-01 1.768631754811216331e-02
3.630710601695666395e-01 1.820483032923656680e-02
3.665491083721436616e-01 1.888602860956001966e-02
3.654006683487552309e-01 1.956578065757964488e-02
3.722033527137776909e-01 2.074637602796935987e-02
3.740915707645540156e-01 2.162938506627014659e-02
3.735711537374390434e-01 2.248271270568871424e-02
3.822682457722058058e-01 2.383467598772450249e-02
3.801782189261446732e-01 2.502361247700610192e-02
3.865528348574285289e-01 2.634021771736511433e-02
3.816740194316096679e-01 2.713846552384010027e-02
3.840394199117784235e-01 2.925609770599730056e-02
3.344339400821069730e-01 2.647246774845949183e-02
3.773874664226375963e-01 3.160570598170985013e-02
