3.958342402497983585e+03 3.961406263510848930e+03
1.688415168045950736e+02 1.687717618770200829e+02
3.141672507300588535e+01 3.120886705173392883e+01
3.168246035850616149e+00 2.921520925969876448e+00
4.609237399051974160e-01 1.963901954847037390e-01
2.910223093693800611e-01 1.950384773416076814e-02
2.925901385208708461e-01 1.430174912611319182e-02
3.066317912958971270e-01 1.464657626135534157e-02
3.164413428439855624e-01 1.491441909023479180e-02
3.233592960652907355e-01 1.525704569153259020e-02
3.296258513053951233e-01 1.563504033910731797e-02
3.351131808755924979e-01 1.608267818892332793e-02
3.413725077332652180e-01 1.647449359569585006e-02
3.425161626508516632e-01 1.690324999865238861e-02
3.432109599496505625e-01 1.721055178368109673e-02
3.457256619726393199e-01 1.764565734520836052e-02
3.438735100128686439e-01 1.817400945952083249e-02
3.494938998667986851e-01 1.914506539879418795e-02
3.504831766117584291e-01 1.979677536116512121e-02
3.492147044780888332e-01 2.051337021358916324e-02
3.565474601243377450e-01 2.171381364106776679e-02
3.538068932692073898e-01 2.272433221845034448e-02
3.589366917913864308e-01 2.377422541481424498e-02
3.536156899677743715e-01 2.437727896032591476e-02
3.550133362050976182e-01 2.633848989599085061e-02
3.084673077500273974e-01 2.368658261256825770e-02
3.473091338478185852e-01 2.826573479583209189e-02
