8.624754254556622982e+03 8.631400017165640747e+03
2.263750751076974552e+02 2.263685101000891109e+02
2.954405275093932559e+01 2.936240914449603068e+01
2.884421364205038696e+00 2.663792720162723615e+00
4.273272997366325265e-01 1.872247899697984941e-01
2.653047169829604868e-01 1.718593627970400189e-02
2.707937354878793279e-01 1.380363934128624875e-02
2.861410180527801939e-01 1.444580283826376980e-02
2.956149253795789522e-01 1.501103551460204744e-02
3.021535327598522391e-01 1.555126900738184638e-02
3.086045967978691129e-01 1.614178468700855698e-02
3.148951663269863865e-01 1.679565719833304299e-02
3.223975538776693850e-01 1.728353601880338458e-02
3.216167042888742889e-01 1.790535354783022101e-02
3.234885281241729471e-01 1.874031757908473442e-02
3.297252937737190082e-01 1.923026776712530653e-02
3.253003142431795669e-01 2.019968304029313641e-02
3.281798106248082214e-01 2.141713771537897756e-02
3.318585975894554618e-01 2.213234994773755071e-02
3.327179744751383450e-01 2.282334485717605124e-02
3.438877651959714732e-01 2.429774325404381388e-02
3.383919913502965726e-01 2.482116650762299093e-02
3.456197602126603319e-01 2.578180704361273182e-02
3.440712385108696814e-01 2.599547583010371546e-02
3.396019727453730708e-01 2.593462541552515876e-02
2.913817350780476545e-01 2.232022286751417575e-02
3.169058014735467999e-01 2.393593182542669284e-02
