6.833210831763179158e+03 6.835346209480255311e+03
1.767914935266210819e+02 1.765779726092856095e+02
2.497370591540463636e+01 2.467716884886995032e+01
2.487754093883109974e+00 2.167320912628666552e+00
4.803512336912967862e-01 1.460094330073036517e-01
3.546976022583530619e-01 1.585526976112773198e-02
3.563874778982713543e-01 1.238647428210832256e-02
3.650237360921155250e-01 1.236688100466706158e-02
3.705995456324452375e-01 1.222427619537274843e-02
3.765202901823662684e-01 1.221330028171034761e-02
3.805197681664707066e-01 1.221381285762507783e-02
3.830530847417990548e-01 1.236271590987690454e-02
3.847284054825070299e-01 1.225919465834188031e-02
3.844809914901919368e-01 1.243623375410316152e-02
3.850938305124602112e-01 1.228265009334423251e-02
3.871490208476054407e-01 1.239995866739230373e-02
3.857886947239851372e-01 1.243892773819480282e-02
3.900920650118376853e-01 1.266584882011883781e-02
3.915211367181392621e-01 1.284948063773012558e-02
3.946233554765180562e-01 1.310593907894288049e-02
3.977710489586480103e-01 1.332058354165846156e-02
3.947174927260170274e-01 1.358648308415677172e-02
3.957860924079745213e-01 1.385084959697674249e-02
3.926193026400354724e-01 1.403743004346758375e-02
3.861347890437027974e-01 1.417035584868507961e-02
3.349822964549375448e-01 1.254360805565085148e-02
3.900084227488295752e-01 1.526637409701970746e-02
