3.964480028704671440e+03 3.967450039226249828e+03
1.919914185007155183e+01 1.891037826026438040e+01
9.842819128576183019e+00 9.511605232544543043e+00
1.347925036760106554e+00 9.980905789685861063e-01
4.200121317590502223e-01 6.237851963009494183e-02
3.701244394344422872e-01 1.600154084797989970e-02
3.737323553449771185e-01 1.510731313152509185e-02
3.792633487691882688e-01 1.463341163220953887e-02
3.821713414887214499e-01 1.408029398731365685e-02
3.866569471025954607e-01 1.366112999890968689e-02
3.890720009179156613e-01 1.336537536089260972e-02
3.904282873010453403e-01 1.315631386947663239e-02
3.904046902661261198e-01 1.274854868305308996e-02
3.897476616361262858e-01 1.255065209769874734e-02
3.892019153536119824e-01 1.219357278039656656e-02
3.906577863028780628e-01 1.207403140441756090e-02
3.894365749270545241e-01 1.192346626003345893e-02
3.932751735770575463e-01 1.191460996123794823e-02
3.933424382318500556e-01 1.193269628629959125e-02
3.951889401024867299e-01 1.205281319952239763e-02
3.955934913156148869e-01 1.215152045230975808e-02
3.936015407853855064e-01 1.227822019845445714e-02
3.934490784124343166e-01 1.244788310600132217e-02
3.897819785128474046e-01 1.251471116967139453e-02
3.832937016212454862e-01 1.257953570559764388e-02
3.323489802177039265e-01 1.102367947871476378e-02
3.926811111125128595e-01 1.360002759119320614e-02
