2.279243060205633775e-01 4.870481743723845819e-03
2.432168020624648208e-01 6.144985969116952863e-03
2.975419953275380558e-01 8.184043056435377425e-03
3.151534866081165398e-01 8.565732440240723597e-03
3.360226180990421585e-01 8.963120725159331656e-03
3.486635445577322412e-01 9.519815692049148070e-03
3.606105037338572794e-01 1.012660682685889192e-02
3.680161264682882405e-01 1.027978430757332806e-02
3.763673736786812274e-01 1.043235883947281686e-02
3.829094875836305811e-01 1.061695671331856598e-02
3.939742906767305097e-01 1.084319759783762029e-02
3.992689127975096453e-01 1.109308597776951719e-02
4.034536122517998757e-01 1.115632554839736217e-02
4.053932743331029598e-01 1.114332037714095384e-02
4.127129796631728853e-01 1.129758913851021049e-02
4.177170726880827245e-01 1.142606501610254899e-02
4.213817593036076059e-01 1.136238046005412679e-02
4.209154139728774058e-01 1.132304832542293561e-02
4.251475016171150090e-01 1.139977656367097310e-02
4.273500962379513379e-01 1.137426497235139930e-02
4.296710962091379593e-01 1.175664735728837972e-02
4.272123534677967904e-01 1.180134125286180086e-02
4.274742454473004494e-01 1.240555938710456545e-02
4.287641137405878156e-01 1.280708571635789592e-02
4.348548619757487410e-01 1.318273210844174946e-02
4.355098642605556569e-01 1.273563267589832709e-02
4.305670318947289466e-01 1.279974300908712226e-02
4.288825147291085438e-01 1.315406212282869622e-02
4.231604268627486842e-01 1.245844316202598251e-02
3.547364442170167775e-01 1.037704289520049485e-02
4.029616402108953110e-01 1.092756022727007885e-02
