3.212918768418241422e-01 5.447987431115082491e-03
3.673538202917467910e-01 7.789584661141709526e-03
4.220445318105766064e-01 9.862863110720631807e-03
4.301787202810566368e-01 9.670801056092536568e-03
4.440607759187715220e-01 1.027068569107293314e-02
4.495309989420835928e-01 1.122570527278503837e-02
4.547418740973307449e-01 1.203237254651772122e-02
4.553047346227089842e-01 1.231807584948439727e-02
4.575311380133429973e-01 1.301026533819527736e-02
4.580323677313950514e-01 1.338819656029233487e-02
4.638888831180206784e-01 1.417414906216924765e-02
4.654472872523240934e-01 1.466444712760203196e-02
4.677464315362124814e-01 1.537602123701114001e-02
4.653951292277559437e-01 1.596435360151992125e-02
4.685086652980315347e-01 1.676819623968823017e-02
4.702171185197184244e-01 1.750087428508506973e-02
4.716172599045919678e-01 1.824280515824220142e-02
4.685710597111345521e-01 1.893610434450172103e-02
4.708780618985505262e-01 1.979820404396647957e-02
4.720058898430372629e-01 2.075010940082139613e-02
4.724794505372142961e-01 2.175249684718709442e-02
4.702011117947996199e-01 2.253303541223219963e-02
4.692199791043320523e-01 2.346338571986453236e-02
4.688863634562069338e-01 2.438594520996803516e-02
4.713853071811107132e-01 2.546297491693320578e-02
4.694813823809106390e-01 2.629053847949339856e-02
4.643139365678440877e-01 2.692009375968736767e-02
4.593799080207946472e-01 2.749640029751907605e-02
4.540628454798198987e-01 2.808821227412810692e-02
3.846741541378880247e-01 2.456786836749956168e-02
4.431121019181939458e-01 2.907967764875469749e-02
