2.488330806419064012e-01 4.702772809900658720e-03
2.697760075653408141e-01 6.443577805012841789e-03
3.259032792589345306e-01 8.504572816908728336e-03
3.422839765764738584e-01 8.831390753785414022e-03
3.625045813134181727e-01 9.102449556394951249e-03
3.740757970708364355e-01 9.623877686251535932e-03
3.850567582670469946e-01 1.008787649066354881e-02
3.912163990656595258e-01 1.028209647256103990e-02
3.988345963695312246e-01 1.019214988079804492e-02
4.043364205670956224e-01 1.036084237261954664e-02
4.148866257474649877e-01 1.037715881552055477e-02
4.197126353493606521e-01 1.045247234667994601e-02
4.242817030183813620e-01 1.035659274302266376e-02
4.256885943703793140e-01 1.021694118471356064e-02
4.327647450342866353e-01 1.017391133522079980e-02
4.376770140162238865e-01 1.017272068763534765e-02
4.415774486467214377e-01 9.912831690473728960e-03
4.411169490669044069e-01 9.824690862783312315e-03
4.458876478178796510e-01 9.696410782803581430e-03
4.490216547673607783e-01 9.862901150803980721e-03
4.519105341923274066e-01 1.025392558453036562e-02
4.498674438291283550e-01 1.027588661401047584e-02
4.503303207544069320e-01 1.057068711221795763e-02
4.516083069107920678e-01 1.110703094374200506e-02
4.579778427961798126e-01 1.141942298985109371e-02
4.590944452606153248e-01 1.093868912723508849e-02
4.545114742085542558e-01 1.100604648193132667e-02
4.527639997504681046e-01 1.110289409736128254e-02
4.495640037030001479e-01 1.073929415774717983e-02
3.784521461369377837e-01 9.010877368324936992e-03
4.312716250559500142e-01 8.979455538984212198e-03
