2.478260857652132554e-01 4.874922653784806090e-03
2.684213334752131308e-01 6.381634488601735204e-03
3.239494461345190923e-01 8.390366316037213557e-03
3.398989987801102064e-01 8.539741298686752413e-03
3.596264459094921651e-01 8.855675144423197712e-03
3.707426386241687299e-01 9.365072489868314642e-03
3.812523083421159309e-01 9.859142864984153307e-03
3.869720409177619391e-01 9.925665415203415234e-03
3.941215347298614446e-01 9.994775612432392140e-03
3.991673482347163349e-01 1.002805327574176134e-02
4.091818739890167866e-01 1.010321905446075023e-02
4.135364551477918593e-01 1.017288337239562884e-02
4.176292087339268932e-01 1.016500886776810879e-02
4.186040069255700380e-01 1.007638567008543526e-02
4.251459497528752851e-01 1.015337801638545139e-02
4.295509817917274598e-01 1.011702249038258852e-02
4.329549088720608396e-01 9.942405720091737620e-03
4.320801671470013150e-01 9.764015101102047761e-03
4.363257398890749705e-01 9.685188707950504600e-03
4.389625634685869748e-01 9.667953884444684121e-03
4.413544069813540860e-01 1.008359473388570002e-02
4.389290980517802088e-01 9.976193404174797316e-03
4.389507562124351225e-01 1.037703202113141043e-02
4.397656861164641606e-01 1.064711365607132892e-02
4.455317819154217540e-01 1.099894098438263662e-02
4.461809931466009793e-01 1.055820890635134068e-02
4.412946723115668823e-01 1.066848326089280506e-02
4.391678361702469613e-01 1.073781959050852663e-02
4.356372152099806105e-01 1.055609841688316328e-02
3.663694228528862062e-01 8.591955297715789600e-03
4.170939959784988882e-01 8.697596137902274815e-03
