2.279243060205633775e-01 5.451796837421865431e-03
2.432168020624648208e-01 7.739312418834234583e-03
2.975419953275380558e-01 1.162111163560492280e-02
3.151534866081165398e-01 1.428135651288946727e-02
3.360226180990421585e-01 1.751292031218466133e-02
3.486635445577322412e-01 2.091616666588070120e-02
3.606105037338572794e-01 2.450213182064488529e-02
3.680161264682882405e-01 2.788919200364277720e-02
3.763673736786812274e-01 3.148672785601328711e-02
3.829094875836305811e-01 3.513645878539604223e-02
3.939742906767305097e-01 3.933295551256508343e-02
3.992689127975096453e-01 4.315302737374777237e-02
4.034536122517998757e-01 4.690857460276910001e-02
4.053932743331029598e-01 5.048854909721814388e-02
4.127129796631728853e-01 5.483827744035957297e-02
4.177170726880827245e-01 5.900298810664959814e-02
4.213817593036076059e-01 6.303029624710207446e-02
4.209154139728774058e-01 6.651355127874548911e-02
4.251475016171150090e-01 7.076674508012868736e-02
4.273500962379513379e-01 7.476065847598629965e-02
4.296710962091379593e-01 7.888763959571655493e-02
4.272123534677967904e-01 8.209980133414748749e-02
4.274742454473004494e-01 8.587487955744523005e-02
4.287641137405878156e-01 8.987674310950843903e-02
4.348548619757487410e-01 9.488239327383943267e-02
4.355098642605556569e-01 9.870577792977840159e-02
4.305670318947289466e-01 1.013005925156204301e-01
4.288825147291085438e-01 1.046267784701749304e-01
4.231604268627486842e-01 1.068053990861341923e-01
3.547364442170167775e-01 9.264109828913948130e-02
4.029616402108953110e-01 1.086154305412777854e-01
