2.955645853704100823e-01 4.818676915735510893e-03
3.318777889348899501e-01 7.095887986931838712e-03
3.883798252805740758e-01 9.051254332592647764e-03
4.001901239567348667e-01 8.960240788633309222e-03
4.168467942198262888e-01 9.004511163396821880e-03
4.250156063394597283e-01 9.443258416344114947e-03
4.326285921114711996e-01 9.728273739859514754e-03
4.354326964795051658e-01 9.556555911001156020e-03
4.395854941629976365e-01 9.383451835132202226e-03
4.420541369492972938e-01 9.212167235073009941e-03
4.495883348080077502e-01 9.173177368524161948e-03
4.526534187884733162e-01 8.934364185805808434e-03
4.558898684905122178e-01 8.711887605136123258e-03
4.549810051966459157e-01 8.441190055305721265e-03
4.594660042827307667e-01 8.205135985574707469e-03
4.623022861739593536e-01 7.983148771382096026e-03
4.644967686010501584e-01 7.564872202404506613e-03
4.622618190873051258e-01 7.417322961251482556e-03
4.654058837565274720e-01 7.053300985253353923e-03
4.668922153158686639e-01 7.113024298431347252e-03
4.680536955115728315e-01 7.318498607013808679e-03
4.659411835056664897e-01 7.352505048350867212e-03
4.655853851381426822e-01 7.498816027316413182e-03
4.659812143531329998e-01 7.846598453273723878e-03
4.693729268043301817e-01 7.902457495656788067e-03
4.682851280619292900e-01 7.770416356072991013e-03
4.634006346280082900e-01 7.669532305833454654e-03
4.589104118794782305e-01 7.538971281015228662e-03
4.535384316870766375e-01 7.251319492553301091e-03
3.838590144058311449e-01 6.079739324987530613e-03
4.406564094925637387e-01 6.216936718109074972e-03
