2.944153080333103412e-01 5.024057931908226110e-03
3.303728574132746010e-01 6.966264124140355771e-03
3.863678786546820842e-01 8.855843465805188219e-03
3.978587355194853625e-01 8.554392293785873305e-03
4.141495339786387953e-01 8.697353999412391068e-03
4.219915632934566063e-01 9.206002408729775308e-03
4.292717304425429647e-01 9.558287968117386985e-03
4.317738017735846534e-01 9.276490660437909305e-03
4.356089390876757284e-01 9.322677154452237158e-03
4.377710818146373084e-01 9.061767337188447388e-03
4.449434568318025307e-01 9.062190559958337860e-03
4.476862696422436727e-01 8.790244041737430361e-03
4.505947119738024642e-01 8.600108912513245926e-03
4.494046850970905282e-01 8.365463994429635924e-03
4.535403107544506152e-01 8.221172860200133894e-03
4.560439836030468208e-01 7.935542316638699925e-03
4.579115167460064417e-01 7.517141274878891104e-03
4.554126325689893950e-01 7.289129583134748049e-03
4.582126751188763114e-01 6.933800496490184415e-03
4.593778404215911881e-01 6.884219648716368399e-03
4.602218854871176212e-01 7.084363822700476092e-03
4.578475210655775784e-01 6.964606275188175988e-03
4.572011222301217148e-01 7.160753279430093383e-03
4.572929828352186865e-01 7.322462096428648121e-03
4.603226495719535682e-01 7.378744493711095025e-03
4.589579041082728073e-01 7.254722174266334776e-03
4.538760766726657181e-01 7.144677691230642488e-03
4.491865657964361214e-01 7.029341907423139815e-03
4.436404341153024067e-01 6.772398159538776073e-03
3.752381199551780289e-01 5.580960484020008362e-03
4.304804953733252781e-01 5.805520504515336404e-03
