3.212918768418241422e-01 5.366446387419995800e-03
3.673538202917467910e-01 7.567829460316068124e-03
4.220445318105766064e-01 9.407257221819585735e-03
4.301787202810566368e-01 8.847746179437619360e-03
4.440607759187715220e-01 9.002069726078542472e-03
4.495309989420835928e-01 9.513020218239031517e-03
4.547418740973307449e-01 9.818627801432864427e-03
4.553047346227089842e-01 9.436724796792465841e-03
4.575311380133429973e-01 9.502262831363857132e-03
4.580323677313950514e-01 9.080046565084190849e-03
4.638888831180206784e-01 9.047574754247200354e-03
4.654472872523240934e-01 8.596961443845089340e-03
4.677464315362124814e-01 8.385486129168536265e-03
4.653951292277559437e-01 8.059494322352981494e-03
4.685086652980315347e-01 7.836046185450955964e-03
4.702171185197184244e-01 7.453796166259016483e-03
4.716172599045919678e-01 7.001748535724289929e-03
4.685710597111345521e-01 6.738192153868860848e-03
4.708780618985505262e-01 6.363193820143804927e-03
4.720058898430372629e-01 6.316350723666494006e-03
4.724794505372142961e-01 6.475731766751977210e-03
4.702011117947996199e-01 6.309863018290248413e-03
4.692199791043320523e-01 6.459483951821589666e-03
4.688863634562069338e-01 6.485791696294595197e-03
4.713853071811107132e-01 6.560103827643219004e-03
4.694813823809106390e-01 6.501417773515897822e-03
4.643139365678440877e-01 6.405508060433558193e-03
4.593799080207946472e-01 6.112209363344363669e-03
4.540628454798198987e-01 6.025308355989572075e-03
3.846741541378880247e-01 4.979022654028421313e-03
4.431121019181939458e-01 5.193280822153559413e-03
