3.508672284876574454e-01 5.944059811901283852e-03
4.092730859491621742e-01 8.441844976780332396e-03
4.611915635279854597e-01 1.021496833471295836e-02
4.651674541268022711e-01 9.404492960986186867e-03
4.760669614228161262e-01 9.606345460028380481e-03
4.787763415483807239e-01 1.011460301771293334e-02
4.816572718477776793e-01 1.038125398040102773e-02
4.801368367156540473e-01 9.895269045021670359e-03
4.805441267854081988e-01 9.986546485697437789e-03
4.792867308637678292e-01 9.405346476774566200e-03
4.836797328998889700e-01 9.357094255631855789e-03
4.839448081062055484e-01 8.753528535418128240e-03
4.854329500499023342e-01 8.528320887187183785e-03
4.818757990942980074e-01 8.103099455035999224e-03
4.838863747952296124e-01 7.795502278741930739e-03
4.848290263404519407e-01 7.336169319692204156e-03
4.856569925782310282e-01 6.888121347704597407e-03
4.820818148341616816e-01 6.614291122005073152e-03
4.838690809301619544e-01 6.294884254907012755e-03
4.848153769704234839e-01 6.253171036801711061e-03
4.848249175122693599e-01 6.363354275909990920e-03
4.826175797753339269e-01 6.198074808696049827e-03
4.813582209232563636e-01 6.340611773333201633e-03
4.805443463832819173e-01 6.208794977392631358e-03
4.824996841308875628e-01 6.292644900615033086e-03
4.798580251982092482e-01 6.269326555155583375e-03
4.745898524290664278e-01 6.198684255471515782e-03
4.694063785101983410e-01 5.753897009549816671e-03
4.638946813085579324e-01 5.771184785935172361e-03
3.933378469951288592e-01 4.838019850707955295e-03
4.552719360505265711e-01 5.112918924436177064e-03
