3.508672284876574454e-01 5.944059811901278648e-03
4.092730859491621742e-01 8.441844976780309845e-03
4.611915635279854597e-01 1.021496833471292193e-02
4.651674541268022711e-01 9.404492960986174724e-03
4.760669614228161262e-01 9.606345460028401298e-03
4.787763415483807239e-01 1.011460301771287262e-02
4.816572718477776793e-01 1.038125398040106763e-02
4.801368367156540473e-01 9.895269045021588827e-03
4.805441267854081988e-01 9.986546485697404829e-03
4.792867308637678292e-01 9.405346476774500281e-03
4.836797328998889700e-01 9.357094255631654561e-03
4.839448081062055484e-01 8.753528535417916603e-03
4.854329500499023342e-01 8.528320887187289603e-03
4.818757990942980074e-01 8.103099455035900345e-03
4.838863747952296124e-01 7.795502278741866554e-03
4.848290263404519407e-01 7.336169319692101808e-03
4.856569925782310282e-01 6.888121347704573988e-03
4.820818148341616816e-01 6.614291122004970803e-03
4.838690809301619544e-01 6.294884254907060460e-03
4.848153769704234839e-01 6.253171036801559272e-03
4.848249175122693599e-01 6.363354275909650047e-03
4.826175797753339269e-01 6.198074808695743648e-03
4.813582209232563636e-01 6.340611773332750604e-03
4.805443463832819173e-01 6.208794977392202014e-03
4.824996841308875628e-01 6.292644900615003596e-03
4.798580251982092482e-01 6.269326555155141888e-03
4.745898524290664278e-01 6.198684255471243430e-03
4.694063785101983410e-01 5.753897009549546054e-03
4.638946813085579324e-01 5.771184785934793324e-03
3.933378469951288592e-01 4.838019850707517278e-03
4.552719360505265711e-01 5.112918924435990581e-03
