1.844929218688657890e-01 3.272884360388517849e-03
1.868322356817252727e-01 4.277474509876008461e-03
2.267088017693239810e-01 5.632594298098086462e-03
2.380273744452040541e-01 5.868124332009691177e-03
2.526914399133832201e-01 6.201439018690455864e-03
2.605620403069213165e-01 6.504260607516329333e-03
2.688851687100364818e-01 6.931461720032543877e-03
2.738338709642862967e-01 6.932577802511644474e-03
2.792422726356861284e-01 7.050902452369754887e-03
2.822398511317686931e-01 7.234448568903396708e-03
2.892579225249947150e-01 7.370923360074129946e-03
2.930383957920302263e-01 7.345105748117361673e-03
2.960801896983139003e-01 7.450313775041149389e-03
2.958338337439203602e-01 7.275561904000436841e-03
2.990063010486785355e-01 7.412835231749567017e-03
3.007118896524179630e-01 7.605264275368660634e-03
3.025005163874636693e-01 7.658323222311699298e-03
3.026860871692899635e-01 7.689621710395097565e-03
3.052312434571484712e-01 7.772808111143054803e-03
3.067137636995125871e-01 8.041031539981457685e-03
3.085658861559434918e-01 8.566393099270144459e-03
3.069901135342525400e-01 8.549806648917477117e-03
3.071766778813196930e-01 8.746314941377992744e-03
3.072334748066284371e-01 9.267601893313402728e-03
3.102106395879480338e-01 9.827863138743815966e-03
3.101655444851951771e-01 9.871942580169008191e-03
3.060697828597375159e-01 1.000688495695288387e-02
3.048998479423939978e-01 9.950171723356075401e-03
3.021804467299656904e-01 9.904154283163595085e-03
2.547337426754165413e-01 8.160382745590569198e-03
3.023155316223316014e-01 8.168693004978329689e-03
