1.615429714093928326e-01 5.815492404404504038e-03
1.650548842635270186e-01 5.784155997868286291e-03
2.029413012643477565e-01 6.935500855573548465e-03
2.152611325615800819e-01 6.953326632067653550e-03
2.302320831438287863e-01 7.678299238668732755e-03
2.392576800426315375e-01 7.625536526462383703e-03
2.482110384893140842e-01 7.842573105625350732e-03
2.539661209947428056e-01 8.037730628547375480e-03
2.601146184174435438e-01 8.378320782951739765e-03
2.641623047716360473e-01 8.164205963001300997e-03
2.718329167258401458e-01 8.501905535583866025e-03
2.761736351088196484e-01 8.447344838050301757e-03
2.793517499913005797e-01 8.658997106200749458e-03
2.800626266211944659e-01 8.635075763845456373e-03
2.844163229064665677e-01 9.062072656514773977e-03
2.871419754959849691e-01 9.170552793304791867e-03
2.893644124471445034e-01 9.470212255776216601e-03
2.897145237648723892e-01 9.577236572490866601e-03
2.932291248919067783e-01 9.987653468532141018e-03
2.945607607640413628e-01 1.037392529879007340e-02
2.967582142582179117e-01 1.084371382005057741e-02
2.954742732425255647e-01 1.085571400512156878e-02
2.961599460909530857e-01 1.115413842995288847e-02
2.967915339462759428e-01 1.162497027639943989e-02
3.008945127656220131e-01 1.222844839343450486e-02
3.014919257433220090e-01 1.262103847535246508e-02
2.981577057625364735e-01 1.294052542941609256e-02
2.978405503821624500e-01 1.331254397165493666e-02
2.944624669787443971e-01 1.369952281695429284e-02
2.479500829083166880e-01 1.191307751078169754e-02
2.906603181503969457e-01 1.453810790606031855e-02
