2.050428762686549444e-01 7.331548701069839566e-03
2.265296695089869250e-01 7.896408625688538033e-03
2.653501858295426175e-01 8.959784880525029777e-03
2.732499440388504452e-01 8.664788444234862094e-03
2.846979462814264172e-01 9.322718316078844325e-03
2.902446960537624632e-01 9.117118225387630878e-03
2.954940318562113144e-01 9.106681300450652355e-03
2.974446593371671277e-01 9.128099751737653658e-03
3.003288731387181443e-01 9.062682304228497285e-03
3.017978487644399355e-01 8.771717757266584564e-03
3.069939240940002811e-01 9.041613325807981716e-03
3.091284595530210955e-01 8.932930890450593853e-03
3.114362665206211189e-01 9.168175993979548605e-03
3.106428075851496717e-01 9.345271486202826744e-03
3.134198330170231972e-01 9.981948299241824932e-03
3.151362104095533634e-01 1.013204709023029539e-02
3.165021780804234686e-01 1.020558168549266613e-02
3.151252742427285147e-01 1.003841981026609882e-02
3.172997793808670641e-01 1.006301112843540659e-02
3.182998767207194657e-01 9.895012177698041950e-03
3.191926935041167201e-01 9.881921724181948891e-03
3.176897752308277534e-01 9.741721011589861076e-03
3.175209168759015599e-01 1.011517426706519049e-02
3.176445639617866967e-01 1.032181754760816590e-02
3.199494751353913480e-01 1.064344325891269753e-02
3.192451296467156974e-01 1.093817552501908166e-02
3.158615093250106143e-01 1.103629597722823909e-02
3.129563411821191243e-01 1.085840496494189060e-02
3.093401654088133723e-01 1.101523563628032873e-02
2.618814372184221639e-01 9.486201995096985376e-03
3.037723114287496085e-01 1.112077702297024559e-02
