1.872595507412229410e-01 6.713782437231544109e-03
2.027778990854150476e-01 7.106304942149963000e-03
2.416375274255155581e-01 8.228100770860028931e-03
2.514967840158695567e-01 8.026408469743003676e-03
2.643422821475956419e-01 8.614620371406370852e-03
2.713338657942532817e-01 8.436333193563256422e-03
2.780430687454501504e-01 8.422782984417641339e-03
2.814133847738667371e-01 8.383598075525071358e-03
2.853742314646363076e-01 8.462052286547151747e-03
2.878620887508264170e-01 8.217000835242188259e-03
2.937868766528108910e-01 8.494620215312855688e-03
2.967558431808557384e-01 8.270266831369341501e-03
2.993618139707591719e-01 8.312591363212811640e-03
2.992109359263027124e-01 8.138635245602501844e-03
3.026871096568567454e-01 8.401638973948848121e-03
3.048632711848075494e-01 8.315415703265383041e-03
3.064409667306902119e-01 8.564620304637020690e-03
3.054603511555251116e-01 8.468317340294130927e-03
3.080643384735049506e-01 8.864041003745408084e-03
3.089364727763931895e-01 9.194008051161738082e-03
3.101508098242354294e-01 9.502178354911258382e-03
3.086236813633403409e-01 9.563125223357824001e-03
3.086688874471362753e-01 9.806803828395436670e-03
3.090119206470572366e-01 1.000660336914030620e-02
3.117155425020529114e-01 1.041359112419265771e-02
3.113726292269534679e-01 1.071162021454011640e-02
3.080820648680663298e-01 1.082891158723258383e-02
3.056879397292173728e-01 1.091047118705894617e-02
3.017640227843686462e-01 1.106500625648192647e-02
2.551901029717763003e-01 9.639278924806532825e-03
2.956274008139310738e-01 1.139316646835478695e-02
