6.208435177251544479e-01 1.552606841407223708e-02
1.725196671792286196e-01 6.612438091342311315e-03
2.580988540255038655e-01 8.923177899345262343e-03
2.958319134946885698e-01 1.048087278323511784e-02
3.244543997933407864e-01 1.156661012340856262e-02
3.578243903680355942e-01 1.241104746733657366e-02
3.873873752017739647e-01 1.360644803722287077e-02
4.093021811755565564e-01 1.417019564447354225e-02
4.172662301312007327e-01 1.466553457466686014e-02
4.199174161126299487e-01 1.563073529941958265e-02
4.206958361586253248e-01 1.564067471151673466e-02
4.311481980387305013e-01 1.616701214418210519e-02
4.432616408748555892e-01 1.695556295497335428e-02
4.473047021663793532e-01 1.739423667281245547e-02
4.658716513680189464e-01 1.864083047997360312e-02
4.865640597696876957e-01 1.939908682639344961e-02
4.774952039019095817e-01 1.994529175599316084e-02
4.804400648623695091e-01 2.088114125452365799e-02
4.722110482526800657e-01 2.020813799586745202e-02
4.165993795959794799e-01 1.794637444984967245e-02
2.636704771662456981e-01 4.220140891758798057e-02
