8.042866319053051383e-01 2.437809838795257367e-02
2.473439494205017242e-01 9.337603312251602922e-03
3.399874262310869089e-01 1.188056247493595938e-02
3.719048794175073835e-01 1.293600659656675075e-02
3.920825768414502033e-01 1.321379923168457086e-02
4.169086493815564731e-01 1.360810615323593785e-02
4.339638279211615601e-01 1.349062216059068037e-02
4.350738129683229816e-01 1.312207321628017925e-02
4.478376469853864172e-01 1.303424430601201299e-02
4.513191198344534416e-01 1.300817194478448222e-02
4.496795883339424482e-01 1.249849199923633997e-02
4.588213600822004801e-01 1.237050402608277401e-02
4.754993625855039596e-01 1.242204917669299802e-02
4.792577681006661150e-01 1.213226357711124324e-02
4.878216724202543708e-01 1.185025101028339307e-02
4.884433686554542353e-01 1.205523677672857424e-02
4.875615710943206338e-01 1.202765356965007117e-02
4.964142920456889319e-01 1.198191041204622886e-02
5.042353859457057164e-01 1.153472204856514395e-02
4.508452556989639981e-01 9.930044775964722015e-03
3.228667650427746727e-01 2.637962455456366664e-02
