6.181615483809613787e-01 1.862477101856596651e-02
1.717902442457993617e-01 6.810502701553492778e-03
2.570312990515384310e-01 9.369429394386058832e-03
2.946354552939233762e-01 1.087684946193769042e-02
3.231719818740860783e-01 1.184198641714320245e-02
3.564429449905494041e-01 1.259486499296764810e-02
3.859273841082470624e-01 1.348310255713005938e-02
4.077972014281815993e-01 1.407567045279223446e-02
4.157703064546414140e-01 1.440371310317633755e-02
4.184505743402901490e-01 1.522552274777680403e-02
4.192649368896179118e-01 1.538596105277529984e-02
4.297213733597013974e-01 1.585477789262380865e-02
4.418354714006631490e-01 1.698857761890455037e-02
4.459066427341136230e-01 1.730725595671009365e-02
4.644583896557963332e-01 1.826687147476621989e-02
4.851327613782122072e-01 1.915324632717353356e-02
4.761344886222042549e-01 1.973434436703141309e-02
4.791151382477801257e-01 2.068489309961312264e-02
4.709522429826827894e-01 1.986918104082311884e-02
4.155271391339510623e-01 1.777168184128733591e-02
2.630160974933027918e-01 4.240412079823438485e-02
