5.263391156263732551e-01 1.764106562147864377e-02
1.425378868466901650e-01 6.324613583774398376e-03
2.198466572839447852e-01 8.866925134840936487e-03
2.620441927393337700e-01 1.085452785885487360e-02
2.915384513750580719e-01 1.204688928367896733e-02
3.262389310089170436e-01 1.363873750379720334e-02
3.492205215100309124e-01 1.480653481295239257e-02
3.622865701487800738e-01 1.588526367785118507e-02
3.822226920316239562e-01 1.717911494976860631e-02
3.929973264320676951e-01 1.891971295129283442e-02
4.108571460874712034e-01 1.956507724034081686e-02
4.272344870422019047e-01 2.070221380147652113e-02
4.543177963097563832e-01 2.223978665788657952e-02
4.728108504520797117e-01 2.316504802007048058e-02
4.940118667941559849e-01 2.457915157480841661e-02
5.066504220904588518e-01 2.664470736494004705e-02
4.859194444562862647e-01 2.835281482443361561e-02
4.962249837881761438e-01 3.139246200334149667e-02
5.122041763976615814e-01 3.162476939142098292e-02
4.409336408229948545e-01 2.930133790347161371e-02
2.987308524283879274e-01 6.237014238318611126e-02
