4.666091849838335803e-01 1.558013685321769752e-02
1.216416388819517719e-01 5.506639872816451731e-03
1.936866785296747218e-01 7.933082038530898245e-03
2.352987864573710952e-01 9.767003613433052414e-03
2.683220307606474786e-01 1.122889635445980215e-02
3.078942008003242026e-01 1.281189063746773077e-02
3.465317307652951428e-01 1.455191403516195234e-02
3.787033642523999211e-01 1.617398103692233718e-02
3.869321255765635903e-01 1.738210048930305396e-02
3.883396043685592991e-01 1.953064230148372771e-02
3.955525328470085311e-01 2.084875639867242794e-02
4.118812819912486822e-01 2.225898366357876787e-02
4.347598901771775881e-01 2.459071002374447340e-02
4.533904789591883810e-01 2.610251977236511395e-02
4.827734172586312655e-01 2.878301714249330290e-02
5.156831965116329686e-01 3.088851400296400290e-02
5.095892877148453515e-01 3.297777404104580007e-02
5.100850482830496802e-01 3.708099984242831104e-02
5.027628118530135248e-01 3.660465148978420818e-02
4.359283513384908937e-01 3.307412563982614628e-02
3.362810877596942860e-01 6.801182028274338487e-02
