8.043357419929991758e-01 2.444641211618459389e-02
2.473761833336844407e-01 9.352512668626862535e-03
3.400552825427807790e-01 1.192837106327703650e-02
3.720048675812990813e-01 1.300694299749742371e-02
3.922151510543884223e-01 1.332866901689066380e-02
4.170785009893945294e-01 1.374980800114907961e-02
4.341706945769418513e-01 1.364957678539422369e-02
4.353113543800341545e-01 1.330598854991744788e-02
4.481131893623178652e-01 1.327439867810903742e-02
4.516280798487994907e-01 1.322185312825709634e-02
4.500185900955308571e-01 1.271343471049478022e-02
4.591990534650786104e-01 1.265478487814920144e-02
4.759237430703828764e-01 1.271773828031692172e-02
4.797187238206547244e-01 1.249911481999381457e-02
4.883246818519724752e-01 1.228553160991640095e-02
4.889808814300178885e-01 1.255445393525804476e-02
4.881319169846464745e-01 1.251653318661684333e-02
4.970294134406415543e-01 1.251199888062678664e-02
5.048951630524005640e-01 1.228951357275918400e-02
4.514664377850647892e-01 1.075194938279729409e-02
3.233340073587365193e-01 2.636589685286393897e-02
