5.288939483654866436e-01 1.514466937728398480e-02
1.433053495735892580e-01 6.185386025062154791e-03
2.211470186960187156e-01 8.544482954046526621e-03
2.637332565044374633e-01 1.051801546927556320e-02
2.935724760287279356e-01 1.183339473723660565e-02
3.286884278036525386e-01 1.355043916918702296e-02
3.520282532571717971e-01 1.499410233196187339e-02
3.653920843155664122e-01 1.606118542648469691e-02
3.857025427734058209e-01 1.732749340293387313e-02
3.967845619931938406e-01 1.923191130723213987e-02
4.150354096479709209e-01 1.983815132118411234e-02
4.318070650316233050e-01 2.091767461295562444e-02
4.594225690113023508e-01 2.267902730947616782e-02
4.783757397964630287e-01 2.377492458573816914e-02
5.000900677394656269e-01 2.520851015551292193e-02
5.131547957760405065e-01 2.719000727049126001e-02
4.924174068443929464e-01 2.886148442029402156e-02
5.031261383890525130e-01 3.182535689374750565e-02
5.196016301120229830e-01 3.253062208632284680e-02
4.475378379171707222e-01 3.009301563453937317e-02
3.033651850927003846e-01 6.265143175324720815e-02
