4.687168663825721504e-01 1.337360299985070056e-02
1.222070041426544934e-01 5.395591355316758583e-03
1.946122274053127543e-01 7.624426611295009523e-03
2.364539622189416879e-01 9.425298905789421255e-03
2.696744349675126995e-01 1.101045622215213703e-02
3.094863443178192952e-01 1.264036573512122667e-02
3.483690197865931260e-01 1.461878680444986256e-02
3.807607897231289895e-01 1.628199132755030545e-02
3.890849044689256853e-01 1.749900654515018639e-02
3.905510529997969216e-01 1.963009283006086902e-02
3.978568463492985763e-01 2.069511644146537765e-02
4.143346544376377283e-01 2.213163457755630212e-02
4.374064773526232797e-01 2.423174414060729961e-02
4.562098651501205193e-01 2.589051987301390842e-02
4.858387625465109272e-01 2.898285318393864843e-02
5.190250634619205661e-01 3.110730727016314950e-02
5.129584362859398450e-01 3.338455178731969397e-02
5.135243212207118990e-01 3.738620577044489413e-02
5.062186099050942634e-01 3.711577038503624526e-02
4.389818983212545045e-01 3.360754180064434715e-02
3.386807224845658770e-01 6.798574512777096068e-02
