7.055917588799610618e-01 2.067723426946943902e-02
2.059366443156425419e-01 7.736109913645140140e-03
2.955930485273270403e-01 1.026436282715510739e-02
3.318099729323123470e-01 1.155744850549947529e-02
3.571583040199743930e-01 1.211563836641301427e-02
3.877473243840687256e-01 1.264719193815645043e-02
4.112656022921608590e-01 1.296022702906133271e-02
4.220458370058736142e-01 1.304897192429166006e-02
4.306641666678735492e-01 1.306737584739119454e-02
4.333342580266313915e-01 1.335431686168159042e-02
4.316403606883295607e-01 1.304527085729821623e-02
4.403823195667170842e-01 1.309034792055950407e-02
4.560055750941620079e-01 1.358130473955650001e-02
4.613327327170172465e-01 1.356531400112794862e-02
4.749337939988307333e-01 1.370670182924284969e-02
4.822947504697555066e-01 1.401062787148803224e-02
4.788925490947505414e-01 1.419290009728350725e-02
4.850145025987862013e-01 1.453330504643876413e-02
4.875906096984428117e-01 1.393376076823785344e-02
4.358146932548420116e-01 1.211106755981820535e-02
3.140720345549557480e-01 3.078809943796475407e-02
