7.085954160129850354e-01 1.684596408277231477e-02
2.067742212195744222e-01 7.446620666420322721e-03
2.967391865638149273e-01 9.707304676082176287e-03
3.330335936279328890e-01 1.105595644714347722e-02
3.584076607546530235e-01 1.176438164721330983e-02
3.890301537278251232e-01 1.241965029685722713e-02
4.125482655605588467e-01 1.309171696074666255e-02
4.232821187987586553e-01 1.311330414120785541e-02
4.318440724359080551e-01 1.322345773286695211e-02
4.344393672610245560e-01 1.370901868139153858e-02
4.326593746200911306e-01 1.329706652755235571e-02
4.413385555931887971e-01 1.328063903625707927e-02
4.569093762426010286e-01 1.352300227658303870e-02
4.621597410611477108e-01 1.362551404512172583e-02
4.756952747792267955e-01 1.397998771445652447e-02
4.829767476141238469e-01 1.411247300556916530e-02
4.794791106156218730e-01 1.424620367656023213e-02
4.855167966218393305e-01 1.459832173536186085e-02
4.880033357904373092e-01 1.420296628244608825e-02
4.361011671213639862e-01 1.218060759767695261e-02
3.142190939168338359e-01 3.051889951359910980e-02
