1.898787892555399148e-01 6.865459561842207278e-03
2.001512728922523743e-01 7.071929834892142636e-03
2.453178947248038366e-01 8.451529032219809445e-03
2.598305174723641864e-01 8.421578368899743094e-03
2.773263467819095385e-01 9.222100043422259280e-03
2.879919797267975201e-01 9.156443531608078959e-03
2.981712485389544920e-01 9.280785063401637836e-03
3.047262532075563080e-01 9.394852925576754540e-03
3.117897853470098513e-01 9.621520684711259638e-03
3.173009527536456709e-01 9.490745438433548231e-03
3.266736326044683003e-01 9.989919745610901028e-03
3.309827239320238257e-01 9.973408567675628306e-03
3.344856126660813445e-01 1.018700243429353919e-02
3.361038535329516908e-01 1.011231796559260501e-02
3.422248569777891491e-01 1.079650825307101013e-02
3.465367120110767751e-01 1.084651812782625943e-02
3.505607035759836232e-01 1.109194762198181458e-02
3.510623876865941462e-01 1.107071204085303268e-02
3.552718797725097355e-01 1.154505853274537426e-02
3.577375882101835325e-01 1.207551647450634535e-02
3.606971258088372823e-01 1.290860705400694725e-02
3.589949430578105449e-01 1.321285024242381534e-02
3.595491864159546247e-01 1.369321745057479681e-02
3.604427567431665591e-01 1.412938341967227493e-02
3.661628506082184042e-01 1.482849030383001643e-02
3.673296453697243447e-01 1.526047460573326173e-02
3.638430739246437673e-01 1.565258373059347577e-02
3.633040294580345275e-01 1.614566930787304094e-02
3.592429492288460313e-01 1.665055120994684418e-02
3.019819926470033167e-01 1.470666311059953997e-02
3.465317126375991874e-01 1.775046602200012341e-02
