1.156157377789539670e-01 1.878105972922688950e-03
1.322332602999895523e-01 3.066120546662345903e-03
1.508139286107085808e-01 3.622499227834065361e-03
1.608493109357456707e-01 3.861295173610492133e-03
1.680150874637559300e-01 4.013711585484047197e-03
1.707704502538477664e-01 4.078579781785507570e-03
1.737240039213347742e-01 4.101123256231933162e-03
1.773929294909107612e-01 4.137550231411366020e-03
1.786587267464893880e-01 4.123434559390961977e-03
1.787456108422883772e-01 4.178729151489056493e-03
1.807059956352244923e-01 4.268203974821551533e-03
1.838609336569289321e-01 4.304661264030936428e-03
1.855697573288476177e-01 4.368527100672171641e-03
1.881018861253454522e-01 4.486275359761776431e-03
1.882393631642596266e-01 4.580270430002745218e-03
1.860857125731276707e-01 4.627074096677368485e-03
1.866624102997283818e-01 4.827837650835992492e-03
1.856387496974554463e-01 5.111056873715924369e-03
1.841587107882223240e-01 5.441705185377722527e-03
1.649472619609646251e-01 5.450836930152812981e-03
1.942741077926787852e-01 6.641406116419012323e-03
