9.675636223170594463e-02 2.306901410435817368e-03
1.079321994926274869e-01 3.052687518073225054e-03
1.270990755184472909e-01 3.697982885153256946e-03
1.392812052397565670e-01 4.056921915727265508e-03
1.484488430459838249e-01 4.268884125578784917e-03
1.528202650048954836e-01 4.362607898493729187e-03
1.563801301630793616e-01 4.327541858203295608e-03
1.610831810971848632e-01 4.418443541946904217e-03
1.633765400412052204e-01 4.365521983052390170e-03
1.633839846502380122e-01 4.431106684409985043e-03
1.658530595451734591e-01 4.499501710905121597e-03
1.697676748207359310e-01 4.526326940494311557e-03
1.719002444254743578e-01 4.501180010571139041e-03
1.752029989231610740e-01 4.672006819369930661e-03
1.760097273191179035e-01 4.704049823501665374e-03
1.743829649452276198e-01 4.915971729840352099e-03
1.761121059365307329e-01 5.083715992202061766e-03
1.757437074449700876e-01 5.209714250668004420e-03
1.747148719196682520e-01 5.362165519586334361e-03
1.563165613669817433e-01 4.876175703234872198e-03
1.811662721167520695e-01 5.060576882933781433e-03
