9.234368296814943200e-02 2.636230611858067941e-03
9.296245359608604208e-02 2.902224734543153422e-03
1.126489366092639777e-01 3.674629015995702595e-03
1.260335362949198679e-01 4.197773636522986358e-03
1.361007440389463419e-01 4.584030266503272798e-03
1.431125127573120992e-01 4.961192746584415503e-03
1.501933109432817548e-01 5.261759315566869044e-03
1.552837037937123965e-01 5.677361535713734350e-03
1.581520421681620880e-01 5.933886159796527768e-03
1.593309008459304066e-01 6.257948963888827418e-03
1.637705031520065579e-01 6.645439442532662805e-03
1.716186824209796624e-01 7.103256015167082500e-03
1.791980376555399046e-01 7.621709580656047499e-03
1.830416614691270649e-01 8.054071046543971255e-03
1.869966978391220391e-01 8.504529097289758102e-03
1.821395571832969129e-01 9.114840561264197366e-03
1.835043547468298286e-01 9.841599597674617617e-03
1.804677135852170711e-01 1.009451069685089047e-02
1.786927604145004123e-01 1.066959422537622562e-02
1.550280109342403734e-01 9.850991483885513170e-03
1.936001946280417330e-01 1.167862923536713490e-02
