1.134034082673728017e-01 2.356146798987888372e-03
1.297192210810543256e-01 3.318629371256284419e-03
1.479651891180642775e-01 3.899694007277957741e-03
1.578308077419428579e-01 4.157657704040797382e-03
1.648827912128715822e-01 4.244131456655165884e-03
1.676078078318977427e-01 4.233404607696914998e-03
1.705280503162411032e-01 4.098955061463043469e-03
1.741513222705245167e-01 4.055645962322097960e-03
1.754159900916337222e-01 3.904681040602503688e-03
1.755233118991825214e-01 3.866370770310103948e-03
1.774706152015597949e-01 3.870705963315297215e-03
1.805917172517584879e-01 3.763568289480918958e-03
1.822930202439643765e-01 3.703770849954448295e-03
1.848036161056993976e-01 3.737281445561920542e-03
1.849618810683205661e-01 3.687501749822677619e-03
1.828686641951761116e-01 3.688378902607461832e-03
1.834584019177171177e-01 3.683223875682895346e-03
1.824751987904527917e-01 3.648815887734879228e-03
1.810430888753644940e-01 3.591345138689376951e-03
1.621770026914781671e-01 3.162270294541493203e-03
1.910352697373690900e-01 2.963789722404745492e-03
