1.364628812454525553e-01 1.974997326931271589e-03
1.598951720300209600e-01 3.488584129685412451e-03
1.761666227042881228e-01 4.020680570500834508e-03
1.827908749918192577e-01 4.156740271591758545e-03
1.869442275061940217e-01 4.218900909124382800e-03
1.873663514187222379e-01 4.155893901192483399e-03
1.891701977357888587e-01 4.057261174056952385e-03
1.915580185767918053e-01 3.968436293698465386e-03
1.916805622428839340e-01 3.829858747646441505e-03
1.915282242391422585e-01 3.745952110506971505e-03
1.927971632787293110e-01 3.726016979965764749e-03
1.953026431263006069e-01 3.639335664361500328e-03
1.966544526959382033e-01 3.624786802776339394e-03
1.988572509353817852e-01 3.640556012692290448e-03
1.986902533361348533e-01 3.692541033936378152e-03
1.961414961949460301e-01 3.689222172284372780e-03
1.959366642142115755e-01 3.835164825577739699e-03
1.950148203040710793e-01 4.020893445207852565e-03
1.935637938364287991e-01 4.285081931256048450e-03
1.736264070909175061e-01 4.261083565701779402e-03
2.063579065559982550e-01 5.271568406636953190e-03
