1.337870170649361479e-01 2.598121228007404734e-03
1.568678575854333401e-01 3.799016551015675040e-03
1.729503414253402704e-01 4.349152456913114341e-03
1.795773206349266793e-01 4.511292629918718829e-03
1.837842184040790472e-01 4.503678316699216873e-03
1.843261434029737633e-01 4.388451927336485189e-03
1.862289673285728031e-01 4.138872962393735054e-03
1.887096173147643774e-01 3.982202391111281173e-03
1.889604666841054881e-01 3.740485105082470927e-03
1.889404045437810820e-01 3.606996813866604219e-03
1.903232647834930680e-01 3.552317978888720664e-03
1.929294564197443773e-01 3.394887719304432935e-03
1.943987126469052806e-01 3.303828348490443507e-03
1.967117093083732282e-01 3.272943274358030164e-03
1.966819588068368097e-01 3.180098073445276896e-03
1.942927636277805015e-01 3.136093132427616569e-03
1.942236146509337402e-01 3.090777506351616299e-03
1.934430451247706462e-01 3.066465727336535607e-03
1.921360283409828118e-01 3.009108933306153203e-03
1.724644716676411449e-01 2.642960030345404328e-03
2.051181816704320815e-01 2.667226163465485043e-03
