7.585758778307079286e-02 2.000443440572316229e-03
7.782625871676250584e-02 2.529064620812106721e-03
9.605327235861976787e-02 3.354064524123114184e-03
1.100673466526343597e-01 4.058984898512422307e-03
1.212091241007868386e-01 4.805335332848637529e-03
1.288841946241044978e-01 5.567320941805052083e-03
1.347445948460759269e-01 6.280678176803747466e-03
1.401374630539148625e-01 7.140585439695993665e-03
1.440395573288232589e-01 7.925377813927729845e-03
1.446996728778240371e-01 8.622342019736604565e-03
1.490494660958372464e-01 9.419776263640884661e-03
1.545269314149411433e-01 1.030370787515749557e-02
1.591237615121764704e-01 1.117662192485991898e-02
1.631974288334967493e-01 1.206062909834666567e-02
1.661878363604298581e-01 1.272195546091201522e-02
1.625094360677618588e-01 1.314161969130598837e-02
1.634984282623278273e-01 1.387800061628495854e-02
1.619869840845351849e-01 1.462939103964804206e-02
1.597584690209343516e-01 1.537469378022758570e-02
1.363739858405740857e-01 1.474127185599668176e-02
1.627570640083560727e-01 1.868732288953420598e-02
