7.434997059270323505e-02 2.208928566784001436e-03
7.635524397455349666e-02 2.576250298918959444e-03
9.433130091162768294e-02 3.296700145007250195e-03
1.082014545316319909e-01 3.817798396880757276e-03
1.192726469918899967e-01 4.251764790035075445e-03
1.269510068797526925e-01 4.652892354812985902e-03
1.328552691423314502e-01 4.982355779773053363e-03
1.383096953489232339e-01 5.459703122625068732e-03
1.423020297028568248e-01 5.784473109454354479e-03
1.430961037674306491e-01 6.198996953671418765e-03
1.475440251543937709e-01 6.650803833517130587e-03
1.531180275966959325e-01 7.042965357037151569e-03
1.578294797775859071e-01 7.454271799198172212e-03
1.620307132420422680e-01 7.977413306955475833e-03
1.651635497100988614e-01 8.453784737613795341e-03
1.616681619562737870e-01 8.955884610363250287e-03
1.628135112977441290e-01 9.642984172852538116e-03
1.614685417679809776e-01 9.961711075107501645e-03
1.594052557643457491e-01 1.046738356920421872e-02
1.362075632145793858e-01 9.509081333052192553e-03
1.627198290772112477e-01 1.068193261661770817e-02
