9.676701734427015089e-02 2.300181323054706784e-03
1.079301237984679335e-01 3.041136853564828466e-03
1.270801924955938245e-01 3.676176327031950315e-03
1.392425003240632120e-01 4.022256111257258709e-03
1.483883954430076646e-01 4.226670245697113776e-03
1.527382796048125380e-01 4.335741111969200132e-03
1.562760195492639281e-01 4.343826657570359559e-03
1.609551187280152673e-01 4.450937101734228109e-03
1.632255400560733705e-01 4.433694799689540458e-03
1.632118651754594363e-01 4.536591804713295539e-03
1.656569100910575687e-01 4.636003252402258468e-03
1.695449638280890070e-01 4.649288243736414417e-03
1.716525313365945549e-01 4.669219110479839313e-03
1.749278983113774222e-01 4.822543442690227673e-03
1.757106305841520666e-01 4.890393022278834850e-03
1.740641161746205590e-01 5.000436416798237881e-03
1.757673587846523833e-01 5.122519302184705935e-03
1.753769951946527739e-01 5.147801317227074062e-03
1.743277559412632627e-01 5.162620974492451720e-03
1.559500373099811932e-01 4.598104664322723995e-03
1.807181044084845423e-01 4.391718218660193435e-03
