9.414616805572000036e-02 2.340156544711988109e-03
9.505291290218190192e-02 2.798389619158327991e-03
1.155173840106006183e-01 3.634184419675843061e-03
1.296190300559756925e-01 4.185921802630218798e-03
1.403800979105710445e-01 4.686381326597889238e-03
1.480420345331375509e-01 5.154992361032268051e-03
1.558190044935600094e-01 5.544572835109693419e-03
1.615690277693283550e-01 6.022724526168038960e-03
1.650324818721579101e-01 6.298495105292754859e-03
1.667466181737336794e-01 6.657332286916384928e-03
1.718917775304356910e-01 7.066675210908589765e-03
1.806534995775480046e-01 7.587414781224980330e-03
1.891809758888171322e-01 8.121014680270511113e-03
1.938012426611526173e-01 8.592623749434846400e-03
1.985651105637509517e-01 9.104032061196283901e-03
1.939704963857746545e-01 9.715277433794402770e-03
1.959928246746671654e-01 1.056446420749939351e-02
1.933106181252105260e-01 1.075553677278328658e-02
1.919665445231074907e-01 1.138958016005867969e-02
1.670287230471216577e-01 1.059528883582002562e-02
2.091939748079741090e-01 1.261700578688494147e-02
