1.856687910621591941e-01 3.628252888216971974e-03
1.884479023975032808e-01 4.357874169845926682e-03
2.280731584087174746e-01 5.677912326492198965e-03
2.392336493668629493e-01 5.758735131962980543e-03
2.537256045942778981e-01 6.109941533762284181e-03
2.614293398165547511e-01 6.380102762997518807e-03
2.695650326457065260e-01 6.815104093107761732e-03
2.743132718879547349e-01 6.743064499403594002e-03
2.794782969899776703e-01 7.004512075655307604e-03
2.822585398131023937e-01 7.085125745337573187e-03
2.890034018880715538e-01 7.249975251778325268e-03
2.925332957893655994e-01 7.204736415618182878e-03
2.952664064082625717e-01 7.330529596983830116e-03
2.947734649685638808e-01 7.174046960032143955e-03
2.977055670042198510e-01 7.352565659377378361e-03
2.991528572463721392e-01 7.547636841831717978e-03
3.006546171196735617e-01 7.627970454001085400e-03
3.006369118399233598e-01 7.602475872350367321e-03
3.028835265337425642e-01 7.671022288576341205e-03
3.040214515404867646e-01 7.794166340161097148e-03
3.055134651225716036e-01 8.271696176565026745e-03
3.036884404230831835e-01 8.131506305854054040e-03
3.036024206314093532e-01 8.371535015543170311e-03
3.034249138789962275e-01 8.731188015775031425e-03
3.060620642644220069e-01 9.282580949228815687e-03
3.057230519452233675e-01 9.260579025787465599e-03
3.013318482328281589e-01 9.314321488371525917e-03
2.999078189336447098e-01 9.221619682526428080e-03
2.969864295596281178e-01 9.237706878087791756e-03
2.502511030362917777e-01 7.425919496858133205e-03
2.967195922159406307e-01 7.260365735623593685e-03
