1.886447387430648659e-01 3.321412026426607579e-03
2.046147162664403718e-01 4.451005321224829787e-03
2.431920222964150113e-01 5.739429823349202070e-03
2.528801437460355683e-01 5.702163925478723715e-03
2.655432543544530843e-01 5.849201350555435427e-03
2.723559768256137437e-01 6.166099541030291287e-03
2.788723421147830672e-01 6.470255842341017527e-03
2.820313689967099413e-01 6.330121685298907216e-03
2.857560863286250918e-01 6.404884228654319014e-03
2.880446545811363723e-01 6.359976319324908353e-03
2.937441543550888823e-01 6.394263519929958318e-03
2.964827258237455188e-01 6.288149066618133574e-03
2.988232371468640958e-01 6.205349471526048870e-03
2.984300466507434635e-01 6.067279717964680838e-03
3.016639319215814741e-01 6.032203252719033071e-03
3.035902340146650613e-01 5.940202075015201845e-03
3.049111639318783373e-01 5.753827020763485102e-03
3.037515355541468565e-01 5.673780782283729777e-03
3.060681472526629587e-01 5.494131501871506347e-03
3.066585674742621226e-01 5.495749005061058637e-03
3.075883943682241051e-01 5.704446761615349082e-03
3.058027224807453592e-01 5.661683484601817695e-03
3.055697987578078756e-01 5.836743068832870966e-03
3.056235512097241758e-01 6.025263458389527177e-03
3.079897957633191408e-01 6.129334255940019349e-03
3.073713431157329978e-01 6.004856605507415297e-03
3.037966932759237904e-01 5.937267557825616840e-03
3.011618085065828065e-01 5.883161557473244249e-03
2.970874239582708687e-01 5.523780994423301352e-03
2.511112226191534180e-01 4.540133528513392788e-03
2.908818663194506771e-01 4.480857675336783440e-03
