2.290657884748053263e-01 3.540838157910621356e-03
2.580471898924715513e-01 5.323874921149649754e-03
2.963002313597036252e-01 6.618400949282963845e-03
3.019225075929602431e-01 6.392061365770184203e-03
3.118478291391210688e-01 6.448381272001653397e-03
3.156851735479603294e-01 6.682986049149283736e-03
3.196502753496569538e-01 6.877651670176710384e-03
3.203402437345999609e-01 6.635356052232262158e-03
3.220736113730591765e-01 6.567253013204291286e-03
3.223932497833650324e-01 6.342120157062813846e-03
3.266397903662562885e-01 6.326290354818789839e-03
3.279013358977567183e-01 6.039101345099413300e-03
3.296390716032142065e-01 5.932003102957174832e-03
3.279082406987552378e-01 5.615735683014338835e-03
3.298968801553274210e-01 5.431705971393111995e-03
3.309146503240401049e-01 5.227684057781969984e-03
3.318495268108934693e-01 5.004932351530312802e-03
3.299946973288256369e-01 4.910414298767502156e-03
3.316146482031757103e-01 4.726392805861196617e-03
3.324816041411831069e-01 4.754821447491874506e-03
3.329766292231985947e-01 4.911020324049079552e-03
3.314202700684154013e-01 4.911064776577709831e-03
3.307349875256012095e-01 5.012153427860399114e-03
3.304493354815735140e-01 5.120961673781899461e-03
3.321010053000039708e-01 5.237781908006024049e-03
3.308288540336592476e-01 5.211233249264922082e-03
3.271524662242391024e-01 5.193186610682362127e-03
3.238539323666464465e-01 4.883366146008352206e-03
3.202473957702584029e-01 4.826815694980759498e-03
2.715724414603039594e-01 3.981179932360167859e-03
3.167144986700540232e-01 3.977517412069906701e-03
