1.633759159908344805e-01 5.852630743887776189e-03
1.673143468872257400e-01 6.488430878007205027e-03
2.053955206275253353e-01 8.125944617397035802e-03
2.178760339386915101e-01 8.802008392237707646e-03
2.330370889218525421e-01 9.587433689566580292e-03
2.422265142926653403e-01 1.066793404300041097e-02
2.513380043512715156e-01 1.108214818889322571e-02
2.572060592465488238e-01 1.166023653115132175e-02
2.634492758122036760e-01 1.225548310069306777e-02
2.676085908824920589e-01 1.292262208710615728e-02
2.754034125435971259e-01 1.350974870762707350e-02
2.798362900750022697e-01 1.396908704009391933e-02
2.830568737146990088e-01 1.444403031063317376e-02
2.838089081951049586e-01 1.497765543999564179e-02
2.882714093757593465e-01 1.580893504960876814e-02
2.910731943378416786e-01 1.638984919496302636e-02
2.933330109340702152e-01 1.690852517517091314e-02
2.937788814164456475e-01 1.753887374224687504e-02
2.973365920633787018e-01 1.837618619159015962e-02
2.986833234038155926e-01 1.915687597500524697e-02
3.008968256721316070e-01 2.033062586394663099e-02
2.996093757812789971e-01 2.094933884767510857e-02
3.002796212012270871e-01 2.161339977962246917e-02
3.009329029017412394e-01 2.226964093145502102e-02
3.050026693984502768e-01 2.316736194684614059e-02
3.055746470153564709e-01 2.396080394109805639e-02
3.021052982086978589e-01 2.447250710243015215e-02
3.017599299855452388e-01 2.530072463105755357e-02
2.983536350825029548e-01 2.567630075539240400e-02
2.513346680800176425e-01 2.245993100986421256e-02
2.948071565842440567e-01 2.666251645573816664e-02
