1.629521111960116064e-01 3.316734715134753500e-03
1.666991008097802041e-01 4.100524273400044280e-03
2.044180125242709978e-01 5.431839328802443544e-03
2.166036512942509373e-01 5.657297559192834766e-03
2.314245763624953878e-01 5.978145018073041141e-03
2.402891876792756787e-01 6.311001171131353123e-03
2.490570448800150660e-01 6.757489331024343557e-03
2.545950658220886287e-01 6.798793646839347733e-03
2.604917149413280564e-01 6.979909991384597966e-03
2.643169874363166527e-01 7.135252165001482010e-03
2.717205347484872857e-01 7.269589559250630960e-03
2.757943066161974155e-01 7.322129505275763207e-03
2.786654242495948952e-01 7.394322957217655881e-03
2.791023687960764166e-01 7.332805356169276763e-03
2.831830073708900275e-01 7.501358402043635000e-03
2.856248234323358615e-01 7.664764031412682477e-03
2.875297559750195076e-01 7.721855496190786067e-03
2.876540859424130403e-01 7.699962093970104567e-03
2.908214614529680553e-01 7.728234714160306038e-03
2.918214337475980025e-01 7.771767711328177522e-03
2.936648294813038462e-01 8.148974147937625492e-03
2.920907804178238809e-01 8.064897616145347975e-03
2.924262987242532419e-01 8.396192219728067577e-03
2.927442417297265176e-01 8.769559895861901710e-03
2.963810592352074114e-01 9.192954051131831117e-03
2.966144079913805576e-01 9.040540899808170369e-03
2.929283361489429249e-01 9.037716140231782241e-03
2.922757152449529938e-01 9.192108158904348930e-03
2.886626631193828785e-01 8.803339183801219339e-03
2.429068693213190799e-01 7.175221708975543927e-03
2.846122180605748508e-01 6.822355818984863866e-03
