1.855147813208156415e-01 3.629061258695309797e-03
1.884150672242631830e-01 4.369926664513858541e-03
2.281829610408429299e-01 5.681702892566310205e-03
2.395057877074703856e-01 5.779726003468019062e-03
2.541808082194380591e-01 6.145207110987044828e-03
2.620701149628945070e-01 6.476710008667740243e-03
2.704029601777981351e-01 6.915742949164357251e-03
2.753464102274760794e-01 6.900501579790313707e-03
2.807148576630817960e-01 7.161922797285771511e-03
2.836933231736148975e-01 7.300397411361548260e-03
2.906629599318474866e-01 7.473658091568212425e-03
2.944060658345650228e-01 7.389650122001942614e-03
2.973515460395275700e-01 7.470138259881628669e-03
2.970497982212919608e-01 7.327695374755332190e-03
3.002012829492409773e-01 7.495963063137454918e-03
3.018585322449668928e-01 7.651875788318227359e-03
3.035728243750712152e-01 7.696608216775408136e-03
3.037540156453178986e-01 7.671996725894502864e-03
3.062246115215176423e-01 7.722714839722308496e-03
3.075766625044402125e-01 7.918115171758909054e-03
3.092888193079717518e-01 8.477548834289081944e-03
3.076428590309263633e-01 8.347541240707280485e-03
3.077574112177928756e-01 8.545937342678774223e-03
3.077791815090658578e-01 8.983715274866728093e-03
3.106577688946464133e-01 9.528049398333154896e-03
3.105171668061676438e-01 9.608776289498747319e-03
3.062578128892944895e-01 9.685770770729847795e-03
3.050103963269117369e-01 9.621667200229930272e-03
3.022373774181387751e-01 9.606621284698637145e-03
2.548427483618846967e-01 7.991003038510106557e-03
3.023620045847474347e-01 8.085254006396841442e-03
