1.895220310176475575e-01 6.350248587255640995e-03
2.054553483041623718e-01 7.379158441164682287e-03
2.440593724697209532e-01 8.829855082255581855e-03
2.536450998129682888e-01 9.190944866476508102e-03
2.662027888924285990e-01 9.666469525605554322e-03
2.728850972402084296e-01 1.054268927612405857e-02
2.792633434973250672e-01 1.060645380474735909e-02
2.822743951527098005e-01 1.090259236093123370e-02
2.858479881946900392e-01 1.122819554511472924e-02
2.879818065147644046e-01 1.155273956608255694e-02
2.935215857501138892e-01 1.177467284967559889e-02
2.960982140804520046e-01 1.188721809866129762e-02
2.982746467425875792e-01 1.209349126120370412e-02
2.977214335424459568e-01 1.227862090568175753e-02
3.007852413148728865e-01 1.274719137414296807e-02
3.025425848967617237e-01 1.290466299069710672e-02
3.036949867086785604e-01 1.327623770016882372e-02
3.023767256537554515e-01 1.360114374451631448e-02
3.045184377875691517e-01 1.402635554921681516e-02
3.049412259268872716e-01 1.437907250992077370e-02
3.057007929075601926e-01 1.518057604832513154e-02
3.037620733159829833e-01 1.554794089835280328e-02
3.033669112936192569e-01 1.602344661942255166e-02
3.032565432070258304e-01 1.630739460452510989e-02
3.054395498848180290e-01 1.688325783231611407e-02
3.046617264948475179e-01 1.730990387968741120e-02
3.009560978170608414e-01 1.759079521479213135e-02
2.981848553102021682e-01 1.802509641181884725e-02
2.939920146653031141e-01 1.826130913485426652e-02
2.483607540236979772e-01 1.598560198032449031e-02
2.875405346525176653e-01 1.890427656785289776e-02
