2.080502003584467074e-01 3.272021514458922902e-03
2.299226964718464605e-01 4.841929363253122051e-03
2.689239371141235457e-01 6.156471725022455432e-03
2.769905168270789808e-01 6.099101561252712710e-03
2.886291519583082388e-01 6.167457079065392575e-03
2.942423581461665605e-01 6.440827234951987217e-03
2.997247024303218987e-01 6.670255722139376009e-03
3.018509271388640780e-01 6.526892719771587234e-03
3.048035010001718392e-01 6.455781618477149549e-03
3.062888581506539865e-01 6.366429306582170079e-03
3.115090661356057500e-01 6.352206542599004788e-03
3.137003429099048946e-01 6.159386108280829816e-03
3.159455440490783196e-01 6.045030333736547794e-03
3.150236420057512809e-01 5.814179318087767112e-03
3.178064224436373264e-01 5.681576697853713866e-03
3.194182464144269540e-01 5.540419344345897702e-03
3.207445839982785429e-01 5.322229881458432656e-03
3.193598564448000277e-01 5.255048933321165155e-03
3.215001353470658407e-01 5.044360031212059316e-03
3.224304540080026871e-01 5.106138389256359433e-03
3.233268406449866239e-01 5.304764201142348444e-03
3.218068179400320750e-01 5.326400259918712653e-03
3.214870558429260283e-01 5.419783077070311136e-03
3.215878303110514813e-01 5.652446572913342841e-03
3.237713705669775788e-01 5.763229821477854412e-03
3.230112785989551760e-01 5.691998474946103476e-03
3.195362145973933421e-01 5.645951669595070110e-03
3.166249186746385447e-01 5.453685819212524856e-03
3.130522457047330565e-01 5.270983536575109783e-03
2.652289562112407073e-01 4.381714330133320949e-03
3.083902858012958492e-01 4.298041850974250108e-03
