2.282823254915488931e-01 3.801124043311749062e-03
2.570670090000081731e-01 5.254716721913002021e-03
2.950627289116809493e-01 6.501742661762744888e-03
3.005474223250443888e-01 6.112702478658190580e-03
3.103097321693665256e-01 6.260087732696584077e-03
3.140089381214072883e-01 6.575152241726229217e-03
3.178323224748172970e-01 6.820460159080307498e-03
3.183974888059202812e-01 6.525815769560200201e-03
3.199988582218334376e-01 6.636106082672940665e-03
3.201948772128778709e-01 6.359712915388232232e-03
3.242893461935557609e-01 6.363911362487316078e-03
3.254182704707961338e-01 6.034785922865107226e-03
3.270186960186968195e-01 5.930953449766902634e-03
3.251781716451504489e-01 5.657538939763733128e-03
3.270261004730626309e-01 5.529759453408640904e-03
3.279105243937572856e-01 5.283634924303155442e-03
3.287121199569900676e-01 5.041359339013548602e-03
3.267507773323560794e-01 4.909412480641289073e-03
3.282301928156102222e-01 4.704351238108425183e-03
3.289634113283931849e-01 4.680594326044278108e-03
3.293281704832764500e-01 4.839628453359887290e-03
3.276644683682485848e-01 4.746244108105803980e-03
3.268628599325840156e-01 4.851012307418947102e-03
3.264566146110553513e-01 4.863158061718579270e-03
3.279638180030343686e-01 4.967289031222909407e-03
3.265835289381697759e-01 4.934948565476412856e-03
3.228317565421911506e-01 4.873940059556241232e-03
3.194555068373044482e-01 4.555751957092288480e-03
3.157780689203963931e-01 4.510028746007022776e-03
2.676807916623514250e-01 3.700095619480176391e-03
3.120574893788521376e-01 3.711505513497896473e-03
