2.074061071401170075e-01 3.495999053280584440e-03
2.290649038256263592e-01 4.780483618636343843e-03
2.677499993861378047e-01 6.051756222959072361e-03
2.756057196540633858e-01 5.838523844845036788e-03
2.870032580917766252e-01 5.971491881843510319e-03
2.923984957105609239e-01 6.285725100764143376e-03
2.976567853728273594e-01 6.554632399197421119e-03
2.995774167467597504e-01 6.337199284642542133e-03
3.023150836953222287e-01 6.421821082318849953e-03
3.035948303596470166e-01 6.260314572970839507e-03
3.085724665917814469e-01 6.268827812996450796e-03
3.105451726291338921e-01 6.044809369530758369e-03
3.125685886450895734e-01 5.945593358286482832e-03
3.114580449401767592e-01 5.736147601048975815e-03
3.140092072506901477e-01 5.660513818361610078e-03
3.154007647607176557e-01 5.483237965574527632e-03
3.165087061739493834e-01 5.258437676585526674e-03
3.149415504703239055e-01 5.137685698243627322e-03
3.168502870081195688e-01 4.915180378200110015e-03
3.175647632927620090e-01 4.898810151779970506e-03
3.182448022605853799e-01 5.090020230145111957e-03
3.165469326845135045e-01 5.004009781980030443e-03
3.160309873417664894e-01 5.125211860686596822e-03
3.159287070054347946e-01 5.236232625474770454e-03
3.178712400159044438e-01 5.340669947802791258e-03
3.169230210968702055e-01 5.257414789862303352e-03
3.133137786117839996e-01 5.183526005606178648e-03
3.102614426103001422e-01 4.990893446843637331e-03
3.065651955736277134e-01 4.826322032306945391e-03
2.595674725109100023e-01 3.933008416661406756e-03
3.016152731597616654e-01 3.859658948122509075e-03
