1.894272029206265917e-01 3.855820739852103447e-03
2.341224259402619468e-01 6.192052463655246981e-03
2.554243459101591673e-01 6.926537581453414034e-03
2.633554410940276425e-01 7.447231039752985962e-03
2.640124752295150978e-01 7.115989515136495608e-03
2.684568428041831933e-01 7.076203227070510492e-03
2.712991042625013116e-01 6.662395518389329502e-03
2.724526961402186087e-01 6.366156734721795975e-03
2.763643252290447494e-01 6.297124299960259186e-03
2.779710580301143485e-01 6.077248947581598629e-03
2.787448415353646625e-01 5.919653923499301751e-03
2.761844986718297035e-01 5.639298764748282115e-03
2.796456761184661355e-01 5.632914963347735067e-03
2.812964500476766716e-01 5.415925387322086983e-03
2.842745423409059891e-01 5.399211694251128922e-03
2.841603176470789971e-01 5.467970866337669086e-03
2.845205435763710766e-01 5.441779845049057526e-03
2.884650575856659294e-01 5.493488656570006193e-03
2.864957947021125606e-01 5.164831135724041317e-03
2.543419348705903693e-01 4.477458939137398189e-03
2.949271759874103616e-01 4.339473188328577501e-03
