1.082861578699992749e-01 3.895561682059584235e-03
1.236376368925319741e-01 4.639053736478866360e-03
1.537104508051468643e-01 5.847716076017299425e-03
1.740020045942362870e-01 6.904165986756480647e-03
1.875480519836597582e-01 7.530859441807306008e-03
2.039562159815226927e-01 8.387874623993877427e-03
2.198213676608864464e-01 9.095071272575543445e-03
2.317068806031918615e-01 9.761449426158476730e-03
2.398316497379829881e-01 1.054127791971597866e-02
2.451623743249128073e-01 1.130864156840589302e-02
2.571651402730126823e-01 1.189901644334738495e-02
2.619448647660377327e-01 1.258032871552774296e-02
2.801226029980289911e-01 1.367140636121420665e-02
2.868722031153714269e-01 1.431744293258544951e-02
2.920601334875245758e-01 1.582698327588430431e-02
2.950391431423919908e-01 1.776234415251491325e-02
2.930441267392948079e-01 1.858590356254515366e-02
3.086565015338811335e-01 2.079584497197594153e-02
2.990810262177442391e-01 2.087145626125446601e-02
2.609330234931511172e-01 1.946317719410555272e-02
2.854830208179844897e-01 2.149388357790912515e-02
