1.083523312301169633e-01 3.918609675689896377e-03
1.239326746263180318e-01 4.688621638725696920e-03
1.543506044772904595e-01 5.932840704148793082e-03
1.750366535406194801e-01 7.024425506885206491e-03
1.889979611905269752e-01 7.681076610684816307e-03
2.058976164938005338e-01 8.625070805157881645e-03
2.223074876079373097e-01 9.358884858286797143e-03
2.347431494880342084e-01 1.007479304921887753e-02
2.434054528038165077e-01 1.099431336610129373e-02
2.492570430395925907e-01 1.195833541349189746e-02
2.619241417496964708e-01 1.262310112615157819e-02
2.672656419484114587e-01 1.343716300279548456e-02
2.863196854020099158e-01 1.445232964238569659e-02
2.937388127930091186e-01 1.508055915751395012e-02
2.995814769654365772e-01 1.674163408853749507e-02
3.031741215910371823e-01 1.814663831591586951e-02
3.016583304358381179e-01 1.897685442828182800e-02
3.182933334163371430e-01 2.089872534161312662e-02
3.089660687190329824e-01 2.031006732913739204e-02
2.700354508385606200e-01 1.824452530041912116e-02
2.959660058954127759e-01 1.991773237461217164e-02
