2.194747078021043740e-01 4.474428282843986859e-03
2.776336269265071155e-01 7.390674817786299471e-03
2.908281390078863993e-01 7.974430709071321857e-03
2.927290213416829379e-01 8.304008623226563982e-03
2.878598506150111258e-01 7.754354265157444373e-03
2.887288324367389691e-01 7.536304362835017853e-03
2.880978360444410580e-01 6.918571188805177317e-03
2.866752302993867407e-01 6.461598463756101918e-03
2.893289150837659029e-01 6.260812332142953913e-03
2.900770212278153681e-01 5.955682880813640244e-03
2.897965794879682200e-01 5.729190853267138693e-03
2.873252781529582189e-01 5.387163438469941279e-03
2.890268076613774495e-01 5.273258230153989035e-03
2.901008258446637345e-01 5.012450530727274520e-03
2.925559542366553134e-01 4.912822827073001081e-03
2.923217008960364849e-01 4.909067537946381482e-03
2.928955659148221313e-01 4.836762487875205171e-03
2.962442255255717805e-01 4.806613037234386959e-03
2.945329192600429358e-01 4.559817169747648960e-03
2.619434346126742752e-01 3.938105133732128574e-03
3.090747885080535884e-01 4.000133661604603035e-03
