1.638937270094366350e-01 3.725627732705817045e-03
1.980345179123527699e-01 5.517352209887918350e-03
2.242495328094297191e-01 6.378600654592171161e-03
2.367215563251137411e-01 7.060823480425442410e-03
2.419929968649059959e-01 6.949574580313422345e-03
2.498779035738085408e-01 7.110357084522417152e-03
2.562346485898189807e-01 6.938422671049059715e-03
2.597717305095563756e-01 6.836971282548571192e-03
2.649043097380127110e-01 6.952188883195834813e-03
2.671624193231429412e-01 6.899813113173272269e-03
2.693445545753112014e-01 6.850215514096767537e-03
2.679979491464229424e-01 6.742086960090114614e-03
2.746571746701391148e-01 6.863436209835389185e-03
2.776367349886524893e-01 6.744267227174141448e-03
2.812139775647699014e-01 6.866277722893262235e-03
2.814832953287436657e-01 7.043388787112244559e-03
2.814596708390080249e-01 7.092747523588797259e-03
2.862364365342586203e-01 7.266480237545116030e-03
2.832377559603307393e-01 6.913130301791784241e-03
2.508101459062061500e-01 6.062629078299433712e-03
2.865731107430615210e-01 6.048606628742377381e-03
