1.902479993547001036e-01 2.972684010736700334e-03
2.350490121023986190e-01 5.746325310923856150e-03
2.563394022833537789e-01 6.583502593002894809e-03
2.642001353365877048e-01 7.230018233705478095e-03
2.647602922028249317e-01 7.018344087298879208e-03
2.691166351306771287e-01 7.074724553749277452e-03
2.718642414979676736e-01 6.957095748037355962e-03
2.729182017786952463e-01 6.791122401812539969e-03
2.767330533166698081e-01 6.780809358863584303e-03
2.782379063654922824e-01 6.622137634198582701e-03
2.789081586366463084e-01 6.315839086322450231e-03
2.762430380040557520e-01 6.085281612875611049e-03
2.796004162061878628e-01 5.929441454153265914e-03
2.811458123256982966e-01 5.693521959543589549e-03
2.840161260669946119e-01 5.655979460635705142e-03
2.837959037944225993e-01 5.515051698583373421e-03
2.840494715480821331e-01 5.411534512760897940e-03
2.878798264953670305e-01 5.402323065890508869e-03
2.858077052499466419e-01 5.049197337062751902e-03
2.536362449803840069e-01 4.246894016853798928e-03
2.939989634605758573e-01 3.836020294452829188e-03
