1.646160395379508701e-01 3.106789893075797768e-03
1.988697080810417628e-01 5.178364979748870112e-03
2.251527267661896647e-01 6.125001281344431836e-03
2.376300693328392832e-01 6.923099771464825448e-03
2.428758360009890260e-01 6.909761085794878521e-03
2.507421165387076489e-01 7.150778095161283363e-03
2.570722582824973568e-01 7.228053493598704353e-03
2.605716528843175506e-01 7.242044772311165973e-03
2.656698236766955046e-01 7.396343909743064403e-03
2.678838268988946170e-01 7.397921981571909701e-03
2.700208187824610362e-01 7.219524132899802875e-03
2.686200613817383287e-01 7.142941566761720762e-03
2.752427225076406470e-01 7.121089088160419654e-03
2.781760579269689782e-01 7.007841439682076234e-03
2.817070050085573318e-01 7.142170001780401116e-03
2.819235095594147533e-01 7.134456446240534065e-03
2.818465772798455227e-01 7.097123059156077059e-03
2.865757446337021674e-01 7.227057461298256810e-03
2.835199222715010792e-01 6.904754809663545337e-03
2.510125642624657649e-01 6.006664884348866806e-03
2.867501942303624096e-01 5.815929940507314454e-03
