1.229597877956030011e-01 3.936274785897132984e-03
1.434549660751224531e-01 5.021742412255537046e-03
1.734063377726066391e-01 6.136967686865150810e-03
1.925734611843675503e-01 7.102512162754152231e-03
2.041559119671384204e-01 7.505154794671017350e-03
2.179264380857489913e-01 8.195199115052106964e-03
2.315525566628204301e-01 8.662808867754077935e-03
2.424189821565062852e-01 9.119918654985483680e-03
2.499495414450267072e-01 9.670568646349086278e-03
2.562059219184402159e-01 1.023879368368526242e-02
2.654978724314328020e-01 1.059832653740973990e-02
2.670293589329604811e-01 1.112560474740473086e-02
2.774976998158258379e-01 1.182505115623851480e-02
2.800988261128491974e-01 1.225360719889686395e-02
2.845063853156345468e-01 1.326119312131609357e-02
2.848737531070426043e-01 1.432541506783339968e-02
2.822635642966347946e-01 1.487598287336223610e-02
2.924165217067281053e-01 1.614798255403933000e-02
2.862729553697277440e-01 1.571661622645167955e-02
2.522870890532972754e-01 1.415329725738220280e-02
2.713614033759811361e-01 1.496178338574856784e-02
