1.229352043209412937e-01 3.918245322369885882e-03
1.433458773744037129e-01 4.985306966905069144e-03
1.731773318040060738e-01 6.084495097851737658e-03
1.922113245934916614e-01 7.029412615276296565e-03
2.036577558460654358e-01 7.415422109103241705e-03
2.172728050762094409e-01 8.036864588851578076e-03
2.307286308665884300e-01 8.458798422051751198e-03
2.414209694410252849e-01 8.860188888583905853e-03
2.487809764750983921e-01 9.343897759832251251e-03
2.548651445219481948e-01 9.782738596380178772e-03
2.639604039622551190e-01 1.011662011193481189e-02
2.653341867783353125e-01 1.054233315650906881e-02
2.755814888169161314e-01 1.125354344160596487e-02
2.780087089076745399e-01 1.169483405411420388e-02
2.822250689008129476e-01 1.275080926441031319e-02
2.824310657085326581e-01 1.413535654334439375e-02
2.796863726544566719e-01 1.472936397724427735e-02
2.895841913810690560e-01 1.612394800180361881e-02
2.833411955238260282e-01 1.604314500668340207e-02
2.495633943944197686e-01 1.503209628413955737e-02
2.682812940225760001e-01 1.604498106766407556e-02
