1.880070541655852467e-01 8.244374371876583840e-03
1.987932581696162937e-01 9.465565013380833337e-03
2.477212073242950896e-01 1.186606312128861765e-02
2.779399725051738823e-01 1.371868328665292423e-02
3.022727026359189328e-01 1.499498390345833758e-02
3.208363015728416534e-01 1.549607442097796980e-02
3.344965817476317493e-01 1.606586917782929641e-02
3.429307275692705659e-01 1.635572271135640743e-02
3.483185253642655521e-01 1.641341251128730985e-02
3.518460413431877543e-01 1.675478154598081248e-02
3.657229389521436946e-01 1.731394597498830956e-02
3.648945464354983459e-01 1.765443253075670363e-02
3.726721412069730066e-01 1.843257922757218781e-02
3.716500737696222800e-01 1.891370790518795419e-02
3.681035433267678680e-01 1.937679785284437961e-02
3.717692859704374575e-01 2.018552935070691209e-02
3.706823686835178377e-01 2.101512323934087711e-02
3.625661781931389105e-01 2.119717622697793458e-02
3.663321628949189890e-01 2.194455956106069333e-02
3.731381008197973692e-01 2.356398969259581450e-02
3.701682843912822984e-01 2.457659255098943243e-02
3.595453781007200145e-01 2.497948139722408825e-02
3.612651466400653155e-01 2.597538156445447499e-02
3.477667725967344969e-01 2.660348877175172655e-02
3.442648483312513163e-01 2.813646657325676037e-02
2.971608907732110061e-01 2.533221672016930381e-02
3.661792234744674079e-01 2.994629507994707104e-02
