2.892059826204527728e-01 9.244664252677326638e-03
3.301576893972434368e-01 1.211516472183892836e-02
3.757942598127519962e-01 1.383727289476461772e-02
3.965618963325262536e-01 1.474390211492209585e-02
4.085286728589498373e-01 1.502791666397191792e-02
4.137149800855480231e-01 1.449028225362278266e-02
4.179811565409823904e-01 1.390209396771651014e-02
4.191039507032559563e-01 1.307973072482077927e-02
4.213874056735339990e-01 1.266971289881061932e-02
4.195367083052856105e-01 1.215104054176251169e-02
4.236422005918892286e-01 1.195699777015208666e-02
4.216578361317611101e-01 1.167432644488880164e-02
4.283921979534726088e-01 1.122985092954333075e-02
4.265493559517349875e-01 1.087381053667509610e-02
4.234336209258724448e-01 1.034951411244603575e-02
4.230164004788801169e-01 1.009815788208496060e-02
4.238234871943100113e-01 9.905866319691857338e-03
4.192364459131702747e-01 9.487646712414546379e-03
4.185506423552346478e-01 9.039739214730344377e-03
4.222621078031849606e-01 9.008932406831069578e-03
4.218993422943103644e-01 9.050946079985773898e-03
4.169086221361106848e-01 8.747810329562209081e-03
4.158540746716344882e-01 8.886693254075069340e-03
4.083241781247214930e-01 8.633053743428082891e-03
4.022074933177897660e-01 8.442040993192659673e-03
3.436438610215550304e-01 7.209938543042779951e-03
4.071528890391278299e-01 7.495023622199296388e-03
