1.648440037219878473e-01 7.790664044201946886e-03
1.703040393309745992e-01 8.544702274909426326e-03
2.175123297052236060e-01 1.093655807939789698e-02
2.484717999286858159e-01 1.289979181606995193e-02
2.741980603405780315e-01 1.428003585558603773e-02
2.940533504091170647e-01 1.508459002649630357e-02
3.092375041154213355e-01 1.585333306771668713e-02
3.200390375284629108e-01 1.638928832496834923e-02
3.228664279492836631e-01 1.660437405693688737e-02
3.261725818066114058e-01 1.711168697628892565e-02
3.409141249614410230e-01 1.785668689547753596e-02
3.384119720798244302e-01 1.840651697913169363e-02
3.471546356816976320e-01 1.980071915344063654e-02
3.465058203990509789e-01 2.077085767071346067e-02
3.427937707797265032e-01 2.162110977065834216e-02
3.479024126088949842e-01 2.311439563372289299e-02
3.462555053398208571e-01 2.479850587756885286e-02
3.351061230605136831e-01 2.518036619897685499e-02
3.366450276356299787e-01 2.700483628328770314e-02
3.340720457452545089e-01 2.872304330661761690e-02
3.214174737289133832e-01 2.929484096610789068e-02
3.083917779591240360e-01 2.960149081841909752e-02
3.077824999217148583e-01 3.077890270631023287e-02
2.894717432756767628e-01 3.153499639144990985e-02
2.823804881185804083e-01 3.307760087264183246e-02
2.399881185384954985e-01 2.892204446774649870e-02
3.211349105991860853e-01 3.751726397130485113e-02
