3.350449452005684892e-01 1.035106347013942628e-02
3.947717876396790726e-01 1.397817742546995923e-02
4.337635624242259791e-01 1.546510093653365690e-02
4.483556407571070435e-01 1.606967600336240559e-02
4.534587925866550573e-01 1.611916253313635736e-02
4.527453730747113547e-01 1.537462425938866152e-02
4.525250588079386405e-01 1.453486523297284339e-02
4.502219171953223409e-01 1.352795683640466151e-02
4.505953512588918297e-01 1.306376075597130010e-02
4.459099667820555224e-01 1.238318326803105468e-02
4.472747711049687713e-01 1.202449714731138736e-02
4.448840651676742586e-01 1.153803737400084690e-02
4.495971702904354439e-01 1.088656935989897566e-02
4.458752724941180134e-01 1.047965578560043805e-02
4.424859464041317469e-01 9.878581040443937256e-03
4.402323022892220550e-01 9.465099019022635285e-03
4.408124419517464032e-01 9.170215608261610141e-03
4.360721783420574149e-01 8.693087238198244499e-03
4.337104827611690805e-01 8.246573712173707257e-03
4.356154587399304057e-01 8.019369213314943984e-03
4.355126350880610397e-01 7.984249447806112190e-03
4.308384374469878542e-01 7.642142142914290850e-03
4.292527476085569726e-01 7.699511071845471441e-03
4.219317291123579339e-01 7.440236045399957476e-03
4.149698164117504029e-01 7.095542332519536033e-03
3.555306089967437688e-01 6.067527165565949482e-03
4.237195593345285394e-01 6.403180322844016781e-03
