1.649778660443831091e-01 7.794035292872040360e-03
1.707532728739842298e-01 8.561647258227382540e-03
2.184839445294261273e-01 1.097203088188582198e-02
2.500370199552736095e-01 1.302389486798101285e-02
2.764287096984630043e-01 1.456403164047890240e-02
2.969863306039310369e-01 1.549112721523013270e-02
3.128917036609200064e-01 1.642471294567509135e-02
3.244116220228734915e-01 1.726671066989334674e-02
3.278746936083342667e-01 1.766096040733553321e-02
3.318363977852607505e-01 1.825744356895684165e-02
3.474666480555796966e-01 1.918460014236997996e-02
3.455456324902926313e-01 1.969025924722229634e-02
3.551192529303736634e-01 2.104963946547742243e-02
3.551021842221397384e-01 2.213126080100933854e-02
3.519389152529042164e-01 2.295487225477960483e-02
3.578354560825222630e-01 2.447115380477542929e-02
3.567912353567108119e-01 2.559257890040080377e-02
3.459325383077059279e-01 2.587266406057969759e-02
3.481551425975930592e-01 2.709580748971174985e-02
3.461244726390806381e-01 2.883882051656924683e-02
3.336208726099433308e-01 2.971572191967256082e-02
3.206845829904710343e-01 3.004819763879022429e-02
3.206348865067744636e-01 3.146079880242946131e-02
3.021096429782736958e-01 3.256485454968666843e-02
2.952464305694560975e-01 3.472255495037476075e-02
2.513803186103180098e-01 3.106136374406685136e-02
3.369927920631091700e-01 4.202880770650073428e-02
