3.350449452005684892e-01 1.035106347013940373e-02
3.947717876396790726e-01 1.397817742546992800e-02
4.337635624242259791e-01 1.546510093653363782e-02
4.483556407571070435e-01 1.606967600336230151e-02
4.534587925866550573e-01 1.611916253313629838e-02
4.527453730747113547e-01 1.537462425938854703e-02
4.525250588079386405e-01 1.453486523297278961e-02
4.502219171953223409e-01 1.352795683640466498e-02
4.505953512588918297e-01 1.306376075597118561e-02
4.459099667820555224e-01 1.238318326803097662e-02
4.472747711049687713e-01 1.202449714731139083e-02
4.448840651676742586e-01 1.153803737400091976e-02
4.495971702904354439e-01 1.088656935989876055e-02
4.458752724941180134e-01 1.047965578560023855e-02
4.424859464041317469e-01 9.878581040443935521e-03
4.402323022892220550e-01 9.465099019022588447e-03
4.408124419517464032e-01 9.170215608261565038e-03
4.360721783420574149e-01 8.693087238198097047e-03
4.337104827611690805e-01 8.246573712173438375e-03
4.356154587399304057e-01 8.019369213314879799e-03
4.355126350880610397e-01 7.984249447805907493e-03
4.308384374469878542e-01 7.642142142914070541e-03
4.292527476085569726e-01 7.699511071845477513e-03
4.219317291123579339e-01 7.440236045399993038e-03
4.149698164117504029e-01 7.095542332519374704e-03
3.555306089967437688e-01 6.067527165565820245e-03
4.237195593345285394e-01 6.403180322843864992e-03
