2.891206959707906532e-01 9.222107262364356156e-03
3.298750494048885984e-01 1.207791395920126271e-02
3.752617829593276055e-01 1.378263789471035304e-02
3.957777016289676930e-01 1.464950069555822666e-02
4.074919432465454738e-01 1.490188540618410211e-02
4.124334428681895592e-01 1.434401870978765231e-02
4.164525007093881626e-01 1.374115588826731703e-02
4.173367883167977688e-01 1.287130832656053873e-02
4.193750699945151816e-01 1.243512490561678868e-02
4.172988317193194741e-01 1.190638060131548985e-02
4.211458850086207129e-01 1.168767836489986028e-02
4.189379139192525581e-01 1.138827593019102642e-02
4.253899121204041678e-01 1.092489358796169298e-02
4.233222232485753245e-01 1.054233194937709978e-02
4.199941680853312986e-01 1.000296471035734894e-02
4.193448085725162144e-01 9.729749868150049455e-03
4.199090451805456703e-01 9.525801203851292157e-03
4.151312084509039546e-01 9.057598898691810244e-03
4.142194710352326559e-01 8.583361345504258305e-03
4.176579495426024358e-01 8.514278899348875010e-03
4.170648919487261463e-01 8.482537510717971449e-03
4.119000127113492393e-01 8.115324313265516107e-03
4.106275023370775101e-01 8.146573475410518947e-03
4.029659149462657131e-01 7.738106513829424993e-03
3.967066835888411469e-01 7.557600657609709997e-03
3.387537360778034023e-01 6.305027419401423687e-03
4.011337175129760513e-01 6.113448306618191400e-03
