1.877346655596500158e-01 8.210845710365580197e-03
1.978829296518268555e-01 9.393253263449235363e-03
2.458137763152233590e-01 1.172958134666242207e-02
2.749352289741316957e-01 1.348264570529666799e-02
2.980675252854804169e-01 1.458965692608642922e-02
3.153810430512011265e-01 1.493990072503158413e-02
3.277782398983073442e-01 1.531999836353447816e-02
3.349894939002265870e-01 1.536433496171905368e-02
3.391858372324934590e-01 1.526664938285542290e-02
3.415467498485327824e-01 1.547746139226927921e-02
3.539044634289496005e-01 1.596985740973567991e-02
3.519958656441695144e-01 1.632799223379819212e-02
3.583715041882640784e-01 1.721767282027316520e-02
3.562682456968335187e-01 1.760796865392729588e-02
3.517622583894323696e-01 1.813251251776378664e-02
3.541515128002172275e-01 1.900382840259876374e-02
3.520090867670814805e-01 2.028204704743221884e-02
3.432223690894126711e-01 2.049864567475446001e-02
3.457002528100243666e-01 2.165474094706883873e-02
3.510189758627703105e-01 2.311877132933889967e-02
3.471335224251689833e-01 2.362032637479904648e-02
3.361146254092743368e-01 2.377179338386453678e-02
3.366635632963466684e-01 2.431271346225714544e-02
3.230684046225919537e-01 2.420435620593516107e-02
3.188125682243789782e-01 2.515007004705185553e-02
2.743283906223809021e-01 2.194413756099942991e-02
3.369839018180720291e-01 2.562160882622381564e-02
