2.499293750175499707e-01 8.611708079989911432e-03
2.772462989230397024e-01 1.079664363330674719e-02
3.261255458447578359e-01 1.269188377487744622e-02
3.512066825386260804e-01 1.382833423813992040e-02
3.682198619546143692e-01 1.431076575021009330e-02
3.780380076596366323e-01 1.401841935176598684e-02
3.860174989372455734e-01 1.369696973027502776e-02
3.902701958730963039e-01 1.306798092437795947e-02
3.929531558375041200e-01 1.269453813645420037e-02
3.929737977777424396e-01 1.233402114390769709e-02
3.994615061771691344e-01 1.227970390608465814e-02
3.968362746802808760e-01 1.215300019255969449e-02
4.046425803572074598e-01 1.198939414088139900e-02
4.039216331041939334e-01 1.179027202482932184e-02
4.005450199819108881e-01 1.138638703913080578e-02
4.016539417353371944e-01 1.131586087390127997e-02
4.022182812451098322e-01 1.125971636269597863e-02
3.969051710425390844e-01 1.085793819012743563e-02
3.971416167440680600e-01 1.051220985865777141e-02
4.006963591307953765e-01 1.056426717852373270e-02
3.991767784943537345e-01 1.052381244640305732e-02
3.929980513621427751e-01 1.022813231426044668e-02
3.912852442017192289e-01 1.026303620179777783e-02
3.833993587967054473e-01 9.821695707861644378e-03
3.772983692041375070e-01 9.889257431544631882e-03
3.209529672046575466e-01 8.102743383202907698e-03
3.805240454478143741e-01 8.074986732690055471e-03
