2.500354748771309588e-01 8.641143966304996524e-03
2.775982165787421185e-01 1.084314720023344704e-02
3.268152552108710696e-01 1.275880630005442849e-02
3.522466401905910982e-01 1.396262621234792278e-02
3.696220629133936120e-01 1.450582328611288614e-02
3.797980481511248341e-01 1.424773508411277673e-02
3.881421815374392903e-01 1.394059696573137115e-02
3.927496651122799887e-01 1.339731731401481996e-02
3.957836096849719487e-01 1.307358899512992174e-02
3.961386390580939332e-01 1.272830311516740670e-02
4.030186403529304462e-01 1.272690521703475144e-02
4.007081258487086850e-01 1.261935345499455227e-02
4.089356321762608326e-01 1.248378745890858094e-02
4.085517482479084639e-01 1.232579239959264751e-02
4.054785485524173283e-01 1.194268019081345597e-02
4.069444850309776318e-01 1.187970119390856401e-02
4.078603868386708187e-01 1.179735604921775503e-02
4.028126169954551195e-01 1.146377923025363246e-02
4.033929414076572462e-01 1.109897635588386056e-02
4.073473342581465650e-01 1.121557165802504821e-02
4.061452125126656654e-01 1.134206065078400064e-02
4.001962856181348061e-01 1.113580814743597019e-02
3.987885809398202808e-01 1.140529238654103966e-02
3.910814465539281803e-01 1.123078311698738445e-02
3.851832079812466669e-01 1.142840416197464515e-02
3.279369853489744191e-01 9.674903840496445334e-03
3.891326729176382004e-01 1.036981447656978861e-02
