1.015828653675794196e-01 3.806644894729376612e-03
1.165618357834249802e-01 4.453710139869166210e-03
1.466069752327592846e-01 5.697559422130718011e-03
1.655258838369337293e-01 6.746505059414644942e-03
1.781582813453420622e-01 7.421223714696048232e-03
1.940076802831809111e-01 8.378939452163768412e-03
2.092472357893754020e-01 9.172766561958816886e-03
2.209258536835675690e-01 9.954942755931148884e-03
2.287993582325055508e-01 1.094470852783386260e-02
2.347007388841773623e-01 1.201307424942171971e-02
2.489358013096182876e-01 1.283729385982918664e-02
2.575871287482625061e-01 1.386634348694151982e-02
2.780496217347609988e-01 1.520274603152091050e-02
2.878037695822428521e-01 1.622971018323798517e-02
2.933020423339448013e-01 1.834013804036097040e-02
2.987378837462861814e-01 2.022654149595852144e-02
2.968267863390890993e-01 2.143324655362632489e-02
3.148706947213549823e-01 2.412409644290505056e-02
3.030769402157012515e-01 2.349070371437765939e-02
2.692968316680567353e-01 2.183339716613851011e-02
2.890845352100148702e-01 2.358239425520588031e-02
