2.165942080597095809e-01 4.548630936276635769e-03
2.671473705844857882e-01 7.111445226311643129e-03
2.844887005379987399e-01 7.805036573036710536e-03
2.866404592916772520e-01 8.093403111689007751e-03
2.823546569952091190e-01 7.557921166938580577e-03
2.837040421841359183e-01 7.324187203149674398e-03
2.834244726065565656e-01 6.714667677370680932e-03
2.821023216920995336e-01 6.243903810277029801e-03
2.851959536681996088e-01 6.026928363596703933e-03
2.863417242228228354e-01 5.705139557373841222e-03
2.863920457054739965e-01 5.481108579534871642e-03
2.846895822943559251e-01 5.136103470468045100e-03
2.861785310620431066e-01 4.995014392004765331e-03
2.877011687268068441e-01 4.729831266408866634e-03
2.900668325156958161e-01 4.600318109838285978e-03
2.903742752386310189e-01 4.562547420707407410e-03
2.913112209418486920e-01 4.486855811292095667e-03
2.947804555776774027e-01 4.429323622293861173e-03
2.931829449759362771e-01 4.235751201616229193e-03
2.604144051454905795e-01 3.683011812787308735e-03
3.065916578226697831e-01 3.817826209434970093e-03
