1.847582197744828125e-01 3.825938167540466825e-03
2.239688546129989799e-01 5.909860041740354515e-03
2.479950970836283519e-01 6.705341787741186596e-03
2.557143945393056672e-01 7.183135429485789161e-03
2.564690880083929647e-01 6.863233344380362602e-03
2.610263390080739820e-01 6.805752284592747788e-03
2.638914147384062159e-01 6.400705925687013610e-03
2.649391322406691729e-01 6.104171253256061337e-03
2.688358821119073427e-01 6.018826841049826695e-03
2.705513678766555130e-01 5.785580817557843709e-03
2.714526393341300525e-01 5.642873504809611286e-03
2.694487288355660315e-01 5.375838543412846809e-03
2.724670351001168833e-01 5.373997313443013880e-03
2.746988830835281892e-01 5.172702846186317573e-03
2.773970468173502235e-01 5.139184259914324204e-03
2.777358731538533410e-01 5.192732435470978972e-03
2.777517780293318750e-01 5.180257102616167043e-03
2.816467118038863959e-01 5.208972618858796755e-03
2.795457326759172578e-01 4.928732154556044083e-03
2.482685300171878773e-01 4.312904386344160006e-03
2.859180372478566379e-01 4.221114343416918803e-03
