1.162614365484859330e-01 3.821362505582829531e-03
1.355156232530179972e-01 4.775083824551002408e-03
1.657062804964632152e-01 5.933003250424466815e-03
1.837441954939887656e-01 6.897376726549209018e-03
1.946120661201700408e-01 7.385853245097480022e-03
2.078693659683763517e-01 8.090990812002324048e-03
2.210737497759759085e-01 8.653560110760037671e-03
2.321782924537170167e-01 9.233507600536965815e-03
2.397512864684491207e-01 9.905094173981639563e-03
2.466102177773667470e-01 1.050823598324976405e-02
2.572632606206384787e-01 1.107887790998395017e-02
2.607342274672547755e-01 1.174999096485372999e-02
2.706686321482160706e-01 1.277029124029379660e-02
2.755227278758478615e-01 1.348204406835140298e-02
2.796678906634420536e-01 1.484661377067469402e-02
2.806528501849092638e-01 1.661119038377089838e-02
2.767158293857710505e-01 1.744263405470570724e-02
2.877561197159170248e-01 1.935824810515698186e-02
2.805395023250221165e-01 1.938312100651144732e-02
2.504177464298827926e-01 1.872083361609738761e-02
2.589953487437647306e-01 1.909690552695560498e-02
