1.588197391031873906e-01 3.052229258467385568e-03
1.893818274198690865e-01 4.924024237469798969e-03
2.174042394931283151e-01 5.892187562522312703e-03
2.292608859575505920e-01 6.639854802890980852e-03
2.342730002810563261e-01 6.629290456277684394e-03
2.420776133652243756e-01 6.841850289116277808e-03
2.482381805661089402e-01 6.906439511475161164e-03
2.515329996878138963e-01 6.923301033565591039e-03
2.564108308528713631e-01 7.059545882084634905e-03
2.586966861525143990e-01 7.041773303607969797e-03
2.610657247103804202e-01 6.901904110864220086e-03
2.605715980546293720e-01 6.862294867163692101e-03
2.670796543051801586e-01 6.914945847728145960e-03
2.707969389495179513e-01 6.873806654724604927e-03
2.739905887999651291e-01 7.039736954801905505e-03
2.745547841132806588e-01 7.114802386168616113e-03
2.739513527029782680e-01 7.138097397250085623e-03
2.787552563845565046e-01 7.333422906976204241e-03
2.750510417045302636e-01 7.066045554197210657e-03
2.442723728682013595e-01 6.298624459219003165e-03
2.760241319169616792e-01 6.255194781895670117e-03
