1.161992670107780817e-01 3.831351017642225555e-03
1.352732900376488190e-01 4.778101137995095261e-03
1.652025084713312775e-01 5.910063745520111045e-03
1.829558410263122104e-01 6.845598080510083457e-03
1.935340551291970523e-01 7.279235278107367216e-03
2.064586612293850820e-01 7.983226142715037221e-03
2.192980527951219893e-01 8.498418758531590608e-03
2.300245517465570044e-01 9.026939221123799276e-03
2.372293990830730281e-01 9.612006556917088163e-03
2.437101469941956589e-01 1.026141083095965557e-02
2.539190572560033887e-01 1.075389077902690407e-02
2.570221521948947707e-01 1.149390093418018073e-02
2.664804911948373545e-01 1.245455335369776220e-02
2.709192745430465399e-01 1.314034474820120237e-02
2.746502910513913265e-01 1.443570549340924929e-02
2.752719099448340812e-01 1.575775255071815845e-02
2.710699807335038569e-01 1.652976195947211333e-02
2.815314858209599924e-01 1.822131077194140067e-02
2.741267444592694336e-01 1.789646809211933517e-02
2.443866462048785437e-01 1.656744849642873690e-02
2.524406650515888528e-01 1.708813419187925342e-02
