1.016175423719577336e-01 3.797327144084587658e-03
1.166990136214019758e-01 4.455855523123331864e-03
1.469021047768903909e-01 5.730053342763237641e-03
1.659976265242840698e-01 6.821584290267228116e-03
1.788152505768563771e-01 7.564565499187019502e-03
1.948857309057157039e-01 8.543570539261653024e-03
2.103698159809849755e-01 9.447951306589224066e-03
2.222965985918561038e-01 1.032847136491036807e-02
2.304112371646301338e-01 1.134630638427501156e-02
2.365515994591792792e-01 1.233573219906003784e-02
2.511084749516870884e-01 1.325079927918497609e-02
2.600523283926953200e-01 1.428234241890369988e-02
2.809451086064861380e-01 1.591535026778368236e-02
2.910437133030211454e-01 1.702076805468061976e-02
2.968516109510476175e-01 1.906478702058409316e-02
3.026057676022861354e-01 2.177906469906690234e-02
3.009210506729846357e-01 2.297515229606540005e-02
3.194804591626096979e-01 2.626530632108592736e-02
3.077708825036530316e-01 2.626853988036388296e-02
2.736960047114547212e-01 2.551655136434521909e-02
2.940523479610945845e-01 2.757604483258945319e-02
