1.855665443534537384e-01 2.934534426703215224e-03
2.248916969975481572e-01 5.467471495038569822e-03
2.489538051219629122e-01 6.339983795695564549e-03
2.566378633094643091e-01 6.928882181110155442e-03
2.573300259036132021e-01 6.715761648007608289e-03
2.618361760467068922e-01 6.740038205374270820e-03
2.646430298795536817e-01 6.604662640754943755e-03
2.656263712978088609e-01 6.426581024641575025e-03
2.694648955434194582e-01 6.384049631770355795e-03
2.711156429299704240e-01 6.187221064379418156e-03
2.719498303654564464e-01 5.898208515874706938e-03
2.698738122163986120e-01 5.676723869784467379e-03
2.728276937980213535e-01 5.553891249321561696e-03
2.749927606160165738e-01 5.351713826806717839e-03
2.776234083711522915e-01 5.320231471908508716e-03
2.778920405542131822e-01 5.196091174007114177e-03
2.778374975618331244e-01 5.120925305030376087e-03
2.816622066687945458e-01 5.103397465318986435e-03
2.794902360260102525e-01 4.799310198827942166e-03
2.481563126959863141e-01 4.110058511634212194e-03
2.857163475490933080e-01 3.771956472440739228e-03
