2.174730724579225782e-01 3.343698042252570782e-03
2.679997601790998774e-01 6.490675072296670824e-03
2.851499981969902175e-01 7.258971014855271006e-03
2.870586861992369121e-01 7.652844053929757154e-03
2.825224782329416318e-01 7.241652037634728999e-03
2.836275580426472764e-01 7.091221356104094979e-03
2.831034093931146800e-01 6.779559948306336341e-03
2.815394533209613082e-01 6.425167670685824443e-03
2.843811540346452560e-01 6.267212395612551702e-03
2.852771182101343506e-01 5.964584866671181207e-03
2.850808892447659337e-01 5.581058049305312289e-03
2.831415326431008794e-01 5.267931477973340597e-03
2.843766302470226437e-01 5.009838761699962617e-03
2.856428317637360603e-01 4.725487959515331342e-03
2.877429067467956458e-01 4.586390673708302772e-03
2.877991738710257152e-01 4.372752649074539491e-03
2.884785110013770582e-01 4.239150769492664589e-03
2.916619601695384367e-01 4.108313854271711252e-03
2.898308814636542108e-01 3.832908911380127504e-03
2.572147140969611723e-01 3.162417211887109687e-03
3.025631192690246274e-01 2.796829743874256705e-03
