1.580929111417333499e-01 3.649289724761159079e-03
1.884739242804587267e-01 5.241368893148233045e-03
2.163146987251269859e-01 6.135423244796948429e-03
2.280620587869631732e-01 6.774143698905854029e-03
2.329970194951823947e-01 6.672239657930672564e-03
2.407064938599562109e-01 6.814783864890280526e-03
2.467782097690219001e-01 6.655403236084013290e-03
2.499989887019180568e-01 6.566304102859413065e-03
2.547913615757878003e-01 6.676570051867138783e-03
2.570065851262089973e-01 6.626862253545908951e-03
2.593034497409471006e-01 6.609140081772043457e-03
2.587560815876349674e-01 6.542032169743367508e-03
2.651608159581137492e-01 6.702778366392327450e-03
2.687926222117012487e-01 6.641534222046450824e-03
2.719031824876937953e-01 6.769953288263238361e-03
2.724035184425426248e-01 6.992530547885850677e-03
2.717453980807982838e-01 7.106386645986750329e-03
2.764501731868451717e-01 7.317024483421612734e-03
2.727169598500620018e-01 7.017661522563383748e-03
2.421465333242502349e-01 6.267147662284602849e-03
2.735621506394972369e-01 6.395486435301244409e-03
