2.850835580497464772e+00 6.785421921473604179e-02
2.787399511345042047e+00 8.489652363101320154e-02
2.125949482771582133e+00 1.098479416368172701e-01
1.935287327456936879e+00 1.173573371779339514e-01
1.688386943453036304e+00 1.209718301230695431e-01
1.554300966239990034e+00 1.279794233494886690e-01
1.412826713469062190e+00 1.337292353977872772e-01
1.328279749097132756e+00 1.322395719171081951e-01
1.237362686949546431e+00 1.351253686459266135e-01
1.185760573736031276e+00 1.382562169472473790e-01
1.067978594901253020e+00 1.384713962366500295e-01
1.003902118038368485e+00 1.393526739735297948e-01
9.545121470292236010e-01 1.399502776794173120e-01
9.585244115657354236e-01 1.368252339395484574e-01
9.038690851666012493e-01 1.375821673155770142e-01
8.748762026992343843e-01 1.430433334905284182e-01
8.456363118379464083e-01 1.446164304870922734e-01
8.404165825124477740e-01 1.457584810191699942e-01
7.983476545439085470e-01 1.471119636959679899e-01
7.763710434744337530e-01 1.497190189629749590e-01
7.483940007795371052e-01 1.573809622425192678e-01
7.754497102076082227e-01 1.565716640122560288e-01
7.728425832710535959e-01 1.598941982096521441e-01
7.709511802810721237e-01 1.645335192947381397e-01
7.225185987500799545e-01 1.740718268089244403e-01
7.247338677360307679e-01 1.735290055292958711e-01
7.979764926381313073e-01 1.732123186179950203e-01
8.185805106486974125e-01 1.728154771897005559e-01
8.642867100695484917e-01 1.727946547017106260e-01
1.661547442148761711e+00 1.391006174118326610e-01
8.578326867736192352e-01 1.424962186000160169e-01
