7.789222863691084520e+00 2.887673413608432549e-01
5.640739045483253555e+00 4.192355813136658393e-01
2.970814505296727859e+00 5.191115459486982386e-01
2.602834127598288916e+00 5.203126147432362014e-01
1.929766126093320322e+00 5.043369800631413158e-01
1.687640781141456214e+00 5.297744836284131731e-01
1.436800298415121357e+00 5.369620943894475307e-01
1.419508638025339664e+00 5.128407776415567776e-01
1.330131415871143252e+00 5.153380925455696149e-01
1.336330608004027587e+00 5.113102890871117356e-01
1.066428456951255210e+00 5.084043010228164183e-01
1.007671725037053712e+00 4.983380814180035090e-01
9.192481602094720872e-01 4.883660751695240165e-01
1.073924769465085527e+00 4.698000834287817673e-01
9.647820254060173184e-01 4.596052653123906540e-01
9.254954244702117139e-01 4.549258286534888507e-01
8.920774227188498218e-01 4.381729324476156817e-01
1.049979197285798138e+00 4.368725530763023501e-01
9.703127923837724378e-01 4.248175376763198008e-01
9.461689558090976560e-01 4.245939870752903911e-01
9.480673408190255502e-01 4.344017388952082781e-01
1.091276123445034552e+00 4.286849876571285911e-01
1.170414325824224555e+00 4.233936248276377601e-01
1.222160141156617641e+00 4.210945409400261297e-01
1.140847207655354412e+00 4.285139976627952985e-01
1.263108541676646546e+00 4.136711558381799270e-01
1.555826419356300727e+00 4.092158437020029793e-01
1.818638093233450048e+00 3.956266582908126161e-01
2.095235899527055246e+00 3.833544446352282198e-01
5.483525604408707288e+00 3.092766696827232709e-01
2.378749099682675450e+00 3.270947133868468137e-01
