8.284591394064621639e+00 2.795789814768567250e-01
6.696987603664002364e+00 3.881680482639940366e-01
4.019828877982285498e+00 4.886745486346545930e-01
3.484033977007746419e+00 5.009087712086600641e-01
2.700761685618820795e+00 4.906455573535145054e-01
2.336325754002281041e+00 5.179841299034652069e-01
1.981860200332335786e+00 5.281882028878852608e-01
1.862781343924041266e+00 5.121285896508223079e-01
1.688474917435876854e+00 5.146101104902303103e-01
1.612073507371786896e+00 5.176466244032836839e-01
1.278542318189025861e+00 5.143868876768744602e-01
1.155633106856665870e+00 5.105441295056292184e-01
1.032819753017560460e+00 5.002488977678583026e-01
1.127631545302257843e+00 4.866917635055529323e-01
9.650102903169692770e-01 4.784137011571124587e-01
8.844218668399608241e-01 4.762029012245777015e-01
8.243629769635512083e-01 4.606815219717225185e-01
9.453239011066636444e-01 4.602550865987500850e-01
8.309679825693656596e-01 4.481941363984857651e-01
8.016824437940769377e-01 4.495463786824226982e-01
7.746449962806765122e-01 4.611829872110942419e-01
9.120607513410079470e-01 4.574408682756176958e-01
9.658075012371325485e-01 4.567572168467979865e-01
9.914005194653103814e-01 4.570130139661220392e-01
8.771995183914444993e-01 4.656012161557939177e-01
9.621703166455612966e-01 4.497407333701609056e-01
1.236427775627442660e+00 4.445634433151104958e-01
1.467584470773718897e+00 4.363987572160308304e-01
1.736561686717663866e+00 4.190903319750056144e-01
4.996067615663894124e+00 3.393469903464411686e-01
2.085706833536852489e+00 3.537106896593795735e-01
