6.164064009160679092e+00 1.612313539501001314e-01
5.887461049700738691e+00 1.991367830570629216e-01
4.365325176182786926e+00 2.615378402326005713e-01
3.858318575131664652e+00 2.840578948841889773e-01
3.248295186270878876e+00 2.926946399423900336e-01
2.871146329158174915e+00 3.135299771770612698e-01
2.504185452335130346e+00 3.290263268360814064e-01
2.270439060842498691e+00 3.327496730203740039e-01
2.017726644930434521e+00 3.389511978817354443e-01
1.838291349010867215e+00 3.509165719252646531e-01
1.515675805005046950e+00 3.522608684414128000e-01
1.337622487949901906e+00 3.595554514214083786e-01
1.204841483136976255e+00 3.581910202311999747e-01
1.161055085330075176e+00 3.576834093408277626e-01
9.611133006059509043e-01 3.594186319858537759e-01
8.281553358395019604e-01 3.663461953330369170e-01
7.287596271478063992e-01 3.653665482990415270e-01
7.116297164766401950e-01 3.695555497707955772e-01
5.618251739733590711e-01 3.706304651046541943e-01
5.000528532754192623e-01 3.742109668462826888e-01
4.081333949353326829e-01 3.874057623213570389e-01
4.587762273239109900e-01 3.887121666454890212e-01
4.346533959197207975e-01 4.004710229504100938e-01
4.026883899169142467e-01 4.087531607862444072e-01
2.314284256630311232e-01 4.252618656768934469e-01
2.017840089946037196e-01 4.177674316055892123e-01
3.414401508687346931e-01 4.149897562989997013e-01
3.553118751570381040e-01 4.238721178975641823e-01
4.862447735281353878e-01 4.045965418587376683e-01
2.408600450795369774e+00 3.321239713708074581e-01
7.133869900265775721e-01 3.328358715946074242e-01
