1.101648105075774403e-01 2.298749281797100082e-03
1.247644819440215519e-01 3.186006269420802416e-03
1.435529653482814361e-01 3.773288593241194092e-03
1.531323160136884576e-01 4.018790000216091417e-03
1.600265728632593587e-01 4.097989319001524647e-03
1.627380615342642056e-01 4.081187631681916853e-03
1.655347814208105728e-01 3.950691080275836424e-03
1.688930361941814728e-01 3.904190371591098260e-03
1.701565082308302279e-01 3.745227705046671064e-03
1.703981196974208023e-01 3.696380069031845756e-03
1.722358074712837528e-01 3.697524267027909109e-03
1.750359706191535747e-01 3.597635815320669988e-03
1.766192561667561389e-01 3.538619769309615803e-03
1.789035257176825877e-01 3.558172018167705692e-03
1.791185761980654545e-01 3.505496349551094539e-03
1.771551241201638760e-01 3.502370367761450075e-03
1.778439401305858536e-01 3.499687288029275801e-03
1.768476693769144292e-01 3.469472067624793273e-03
1.752168499205261909e-01 3.408671972178397083e-03
1.572815132402479998e-01 3.025170266854601553e-03
1.848775825326933742e-01 2.848468836339104575e-03
