1.308068972523145634e-01 2.566071064543068436e-03
1.515339990233439404e-01 3.665176834115468994e-03
1.686377224986050916e-01 4.232947528619878698e-03
1.751890667037687421e-01 4.385509131850583511e-03
1.794601095917875977e-01 4.375010177638720930e-03
1.802202201642807422e-01 4.258128257252007803e-03
1.821027098655028376e-01 4.013540858366482396e-03
1.844481548530410853e-01 3.854445508213542176e-03
1.847502556019128550e-01 3.603799931214774106e-03
1.848842978101155332e-01 3.463259777411470050e-03
1.862878120724634767e-01 3.407186867551521923e-03
1.886308436869772176e-01 3.259951639277748874e-03
1.900329419511437301e-01 3.170692761079412728e-03
1.922246179492507201e-01 3.130112205062896349e-03
1.923367723377366334e-01 3.040598529513792881e-03
1.901678963155945257e-01 2.989994666764578170e-03
1.903440889058308216e-01 2.950662139347990775e-03
1.896268532775881588e-01 2.936548877843027198e-03
1.881370630677220712e-01 2.875068333337317105e-03
1.690722378932862369e-01 2.543955231067225771e-03
2.009017596545324968e-01 2.613778876111280507e-03
