9.143894427154024285e-02 2.300948914165011627e-03
9.135658334553307947e-02 2.685724747923737710e-03
1.119251493321979513e-01 3.520607676178170997e-03
1.256533124090869757e-01 4.068303124949522627e-03
1.362466275707939767e-01 4.575628150108783897e-03
1.437281742108486304e-01 5.052304822486435379e-03
1.513923116093716936e-01 5.467332065332718496e-03
1.569362163016281009e-01 5.959765186004500545e-03
1.600501503709346740e-01 6.251425139713348220e-03
1.617835572134279365e-01 6.647047312095530520e-03
1.668558338039594358e-01 7.108292775558240455e-03
1.755189735980364762e-01 7.715305029443722193e-03
1.839932619392227742e-01 8.304199607183711251e-03
1.885935668800485243e-01 8.820055963956104431e-03
1.944777292239610600e-01 9.430946185796521344e-03
1.897891704259427048e-01 1.012958859759672571e-02
1.924476963116270312e-01 1.112059546126682903e-02
1.895389878853272203e-01 1.138992905298603919e-02
1.869200790888535246e-01 1.209213402534897903e-02
1.621352513278943586e-01 1.125071336867478587e-02
2.035921670786478288e-01 1.358208148630129196e-02
