9.530776564978336862e-02 1.919957907117368330e-03
1.057333148226507619e-01 2.778398818002542070e-03
1.258368942542789082e-01 3.457526981814194444e-03
1.381814139409373865e-01 3.819348456336977941e-03
1.476060237116531559e-01 4.120333793570411969e-03
1.522657608329132661e-01 4.308525271737263448e-03
1.561159289043832221e-01 4.451833099336693911e-03
1.609760323183638264e-01 4.615855466153662851e-03
1.636570270830386697e-01 4.603492716230202578e-03
1.641469258661845398e-01 4.704951627941107717e-03
1.669915524619920155e-01 4.767194039816098974e-03
1.711772544592670697e-01 4.813766721484225367e-03
1.737964186891362561e-01 4.790234874669824401e-03
1.775210313827406128e-01 4.922008345750386073e-03
1.789241798982487974e-01 5.021917897751099029e-03
1.777649311350120442e-01 5.127808662727826802e-03
1.800619535165761953e-01 5.325310056614284207e-03
1.801534210638571221e-01 5.287252082838651834e-03
1.794789755382682761e-01 5.303339045643579858e-03
1.616305086390231738e-01 4.810392094149900689e-03
1.868225360663929302e-01 4.580751213776598080e-03
