8.974827031496114549e-02 2.594690408707613950e-03
8.933582771568265857e-02 2.789210876208546557e-03
1.090446672457382332e-01 3.560573270893661706e-03
1.219667982337882539e-01 4.074260694957710857e-03
1.317602393924680038e-01 4.462249025173619862e-03
1.384814030921844852e-01 4.845977940564492187e-03
1.453263276282300842e-01 5.170600439535716006e-03
1.500909785105103422e-01 5.596036786420329444e-03
1.525030151644418963e-01 5.863954408786975839e-03
1.535845948665800209e-01 6.212600318618066372e-03
1.578140277994610763e-01 6.643625647065655622e-03
1.653937947666017927e-01 7.167855976460557263e-03
1.727380419802690970e-01 7.723577409870759428e-03
1.764021526061285705e-01 8.180280466183176974e-03
1.812332227969760956e-01 8.699334063324180508e-03
1.762098974406361707e-01 9.368911921314825378e-03
1.780174272160191806e-01 1.021142076804306201e-02
1.746784353078821295e-01 1.051865147462399848e-02
1.716277955929288446e-01 1.113903518509633955e-02
1.483201137391486624e-01 1.028742426586636526e-02
1.855558275465092055e-01 1.235410641574501318e-02
