7.146763001014226624e-02 2.128323846951949219e-03
7.287840082122887253e-02 2.456896592686185800e-03
9.063189054426940006e-02 3.166042124653932130e-03
1.038305206957883808e-01 3.669245143080441824e-03
1.143647610320787239e-01 4.089068701293749157e-03
1.215590664760668599e-01 4.480228881844124794e-03
1.270066882442608958e-01 4.818538030125747197e-03
1.318517469168297984e-01 5.298823470421267293e-03
1.354369612905967080e-01 5.622829123042760203e-03
1.360518970576363451e-01 6.037207769661366921e-03
1.400507503839192036e-01 6.502678424935624465e-03
1.450941174816876011e-01 6.932000729242560229e-03
1.492876800739025567e-01 7.359166863606512142e-03
1.530745448446507728e-01 7.880104369784620214e-03
1.566630549759434887e-01 8.380685008820141363e-03
1.530246008988071227e-01 8.921909865382222915e-03
1.540104933436610701e-01 9.678615743592723641e-03
1.524059208033426704e-01 1.002540571048226963e-02
1.494079166060796326e-01 1.057479203522463350e-02
1.269405208603581470e-01 9.610182806124590790e-03
1.510673065644791979e-01 1.086288308459506732e-02
