9.346681980093816955e-02 2.227989770754864544e-03
1.034154017982266555e-01 2.910549795745300938e-03
1.227511486406517860e-01 3.544122844238181778e-03
1.344347066579446026e-01 3.875821448735337731e-03
1.432221043978676445e-01 4.069729832864464256e-03
1.473507749694703828e-01 4.170889386265105511e-03
1.506751327637355919e-01 4.183251531949878053e-03
1.549529262047247280e-01 4.290283787289626491e-03
1.571149164710649859e-01 4.270862472387626681e-03
1.571664026322761865e-01 4.364542587138318767e-03
1.594651035355219570e-01 4.461242765063000611e-03
1.630277036414175817e-01 4.483341269817722914e-03
1.650822485842872167e-01 4.502395770205270403e-03
1.681719512290660579e-01 4.641784384951457357e-03
1.690507040834430541e-01 4.705051121295428587e-03
1.675090345168709360e-01 4.822221857936075280e-03
1.692225760608041807e-01 4.956807905131543207e-03
1.688585501492031460e-01 4.991316058034805242e-03
1.677792783907925966e-01 5.016779916126035133e-03
1.506927220283697522e-01 4.516798127751566957e-03
1.737170314329184173e-01 4.313578943161144007e-03
