1.307850019950864418e-01 2.572108270371692516e-03
1.515357040524594190e-01 3.675110196120987601e-03
1.686697504460849262e-01 4.249604328297360359e-03
1.752536454838363178e-01 4.409008592230996733e-03
1.795583383413735246e-01 4.405997411149564086e-03
1.803510821416079712e-01 4.293335092533134487e-03
1.822674982777611752e-01 4.043855341650337207e-03
1.846480504743855666e-01 3.887858073158096880e-03
1.849835233209719543e-01 3.637661516440836209e-03
1.851508093517770237e-01 3.499130433596956118e-03
1.865896783992846142e-01 3.449491350156402413e-03
1.889702636031402039e-01 3.315747227880927201e-03
1.904088986477871781e-01 3.238759479307187598e-03
1.926393229027710818e-01 3.217750967737217308e-03
1.927861577795594861e-01 3.141456914497028820e-03
1.906462705509140987e-01 3.120285317803413346e-03
1.908570002699100931e-01 3.091472194986299733e-03
1.901718034493466436e-01 3.104596143233363369e-03
1.887114425125790695e-01 3.080262817033764706e-03
1.696187127213069079e-01 2.761212558093216040e-03
2.015871244715112254e-01 2.990936429499210097e-03
