1.101245926856641438e-01 2.306708720161979292e-03
1.247687456271595746e-01 3.199508169564101254e-03
1.436152065761708563e-01 3.798093347326677183e-03
1.532598965427828253e-01 4.056060284863207029e-03
1.602238634082904511e-01 4.145504966490493048e-03
1.630037709308388150e-01 4.127421190814651447e-03
1.658712778983371106e-01 3.978068812250067088e-03
1.693039504606290435e-01 3.932419874778420206e-03
1.706386205280671919e-01 3.761465121943119959e-03
1.709491645639790447e-01 3.704199424791604703e-03
1.728618067599482500e-01 3.704722722389118712e-03
1.757423088012400603e-01 3.620424520503205765e-03
1.774028080086435533e-01 3.558014055284843512e-03
1.797689806031493864e-01 3.605058741265142110e-03
1.800569555030686053e-01 3.552748422644704061e-03
1.781543416727155438e-01 3.612478200085211550e-03
1.789184724346001565e-01 3.633783364756696006e-03
1.779872400272494160e-01 3.670404647012441828e-03
1.764163425605372315e-01 3.691450693032493572e-03
1.584214714277442093e-01 3.350135399202287725e-03
1.862919271219022899e-01 3.499161762883190412e-03
