7.276085738479409759e-02 1.929163278129588386e-03
7.454381801501715199e-02 2.384108859722405913e-03
9.313613443673832148e-02 3.142485253587571498e-03
1.071979727673856297e-01 3.674828705444359387e-03
1.186255224921666102e-01 4.197821691565140241e-03
1.266769617645742418e-01 4.675148346195641229e-03
1.329723197235390952e-01 5.114739113752666232e-03
1.386899247613840036e-01 5.660924497464948045e-03
1.431266797299516613e-01 5.999937874535520715e-03
1.444482777430025622e-01 6.423093644379708825e-03
1.493886413116431444e-01 6.899490508090331403e-03
1.554913784133525045e-01 7.399994259560255250e-03
1.607329251377636881e-01 7.829836504123020846e-03
1.655801329492059826e-01 8.394767672777395454e-03
1.702535641374051667e-01 9.006804229972570700e-03
1.670764533565353149e-01 9.646284351708013169e-03
1.689385160945140740e-01 1.061796134703132596e-02
1.679595000618395728e-01 1.088501015422625381e-02
1.654248368104394296e-01 1.153348368064921990e-02
1.412055452044182480e-01 1.055086743026648587e-02
1.688287220414664558e-01 1.202286065896708903e-02
