9.333133891454834519e-01 2.132517803846232032e-02
2.439288772447451570e-01 7.304067117076887272e-03
3.857654585733025776e-01 1.015432893018047324e-02
4.267372255878628118e-01 1.074772226365459243e-02
4.743669656187168848e-01 1.158068449315282321e-02
5.077826216228060741e-01 1.246364560526039278e-02
5.358980688982971641e-01 1.390701480085761513e-02
5.616545262476061451e-01 1.477345573592504790e-02
5.839415371864976612e-01 1.540341757484951953e-02
6.066080546071935808e-01 1.588503936706577718e-02
6.298028209114355791e-01 1.685691236844040139e-02
6.482121844443560210e-01 1.813062171088753588e-02
6.548348072583088930e-01 1.786885605879397210e-02
6.598822189978180708e-01 1.821604574631859735e-02
6.721835453729730903e-01 1.749967320789536790e-02
6.822141234332043114e-01 1.835526795438190487e-02
7.021941187644521465e-01 1.958924333496350409e-02
6.986587440234109936e-01 2.018219553233286528e-02
7.062043517214287025e-01 2.108625960241128014e-02
7.093120531235123094e-01 2.302829211106103766e-02
7.120775996087987947e-01 2.354707477605406593e-02
7.161110534324935939e-01 2.302204785535320528e-02
7.154408378289932591e-01 2.405052057408978497e-02
7.076391518345886977e-01 2.452380125844347281e-02
7.118261852213748631e-01 2.524880195590255630e-02
7.112812590501397247e-01 2.534884881209462093e-02
7.089252740757522320e-01 2.508458442020250825e-02
7.179388703384327330e-01 2.514608386977923091e-02
7.185249747530181308e-01 2.432966243208828372e-02
6.013378280259741304e-01 1.966745659673945282e-02
4.080677179830101697e-01 3.613580113488971957e-02
