1.202131190007483585e+00 2.815944498169674001e-02
3.412502397058130299e-01 9.280422242642156344e-03
5.129995815474457377e-01 1.256288150852983426e-02
5.541415828225344509e-01 1.232339359771440421e-02
6.049967507348781304e-01 1.371203735151517791e-02
6.350224281738963139e-01 1.455103874089961127e-02
6.586512371724368986e-01 1.506881701099588647e-02
6.796831491818683402e-01 1.513077771923038509e-02
6.943303688369512061e-01 1.618195407887217108e-02
7.098053277886843260e-01 1.623365400064936959e-02
7.276803523804064033e-01 1.752339838191341315e-02
7.394635498678724383e-01 1.778521903175393076e-02
7.430331138356903731e-01 1.691467347584920886e-02
7.455861870190050311e-01 1.638417183326729837e-02
7.575387276335900921e-01 1.582032285296155333e-02
7.650308363857931671e-01 1.605822540903020443e-02
7.787167742735043863e-01 1.642790429682886716e-02
7.764766011253860789e-01 1.636150007001241011e-02
7.844687675192851817e-01 1.616975191479240112e-02
7.843343297460169117e-01 1.754761008055787108e-02
7.820511973207349143e-01 1.772563212511140546e-02
7.837082263102814750e-01 1.694494925679741748e-02
7.797872079365485432e-01 1.660546211473173592e-02
7.767360722656077021e-01 1.639657932778095309e-02
7.825309486969087569e-01 1.654896884286187475e-02
7.821745791389121960e-01 1.662388099918040221e-02
7.768946734994420789e-01 1.553860113404476398e-02
7.763100320200150284e-01 1.526420333321405753e-02
7.744272431569866333e-01 1.437957027059134398e-02
6.514721324188809115e-01 1.196813925016310468e-02
4.206105140756933869e-01 2.213929127655135665e-02
