1.201488483362614934e+00 2.805953537163316525e-02
3.409273657229019983e-01 9.248610168724713879e-03
5.123031889171564268e-01 1.249273042276631204e-02
5.531614927390039460e-01 1.218350879081843072e-02
6.036780596296643653e-01 1.355052477049187992e-02
6.333774025975542621e-01 1.431570851954957688e-02
6.566745165627554393e-01 1.482600570341373672e-02
6.773643016090580282e-01 1.476784674703861266e-02
6.916766479336925455e-01 1.575004524487215798e-02
7.068013299427045038e-01 1.574336052252457707e-02
7.243023643160462210e-01 1.710080462836558249e-02
7.357278159451807742e-01 1.732085809750852357e-02
7.389749624445920428e-01 1.636987383824117098e-02
7.412087874389735598e-01 1.583919785628392501e-02
7.527810827229985957e-01 1.518582508237913478e-02
7.599131294009020543e-01 1.536406716525833688e-02
7.731890376115088115e-01 1.564543423530049063e-02
7.706473363040902136e-01 1.549432373150237512e-02
7.782589375841791890e-01 1.522321748203231927e-02
7.778051856205068226e-01 1.645352025580353733e-02
7.752217447194830191e-01 1.652247716572201666e-02
7.765444442042381823e-01 1.595998868211366550e-02
7.723411396332747758e-01 1.578513846271733384e-02
7.690023862707837665e-01 1.550824829124429829e-02
7.744205808947185465e-01 1.561615793637386417e-02
7.737491971180596728e-01 1.567366094270353921e-02
7.682097392291257210e-01 1.462744469903207688e-02
7.673155757590759407e-01 1.426225103382079175e-02
7.651394398310967793e-01 1.341760177979652371e-02
6.433939308762122167e-01 1.085054528856303248e-02
4.152239468761951269e-01 2.188016381873542776e-02
