1.307503750885682159e+00 3.159892385412548660e-02
3.844615851452833910e-01 1.060673486828397037e-02
5.656025644845273925e-01 1.415797051265201348e-02
6.049364764833325969e-01 1.344159451929974325e-02
6.565184067837690485e-01 1.515681453987081234e-02
6.840236377940129842e-01 1.593020983518207354e-02
7.041721781608054620e-01 1.615742220537494389e-02
7.224096730014402112e-01 1.584681694716544298e-02
7.334424919403954579e-01 1.712771207210234820e-02
7.454089737750509981e-01 1.688046669922214915e-02
7.605875583395880213e-01 1.832742364718183484e-02
7.685900650105396137e-01 1.828583174784468093e-02
7.715902622151575851e-01 1.697794722322442176e-02
7.732367922634223456e-01 1.594267580000101672e-02
7.859102012708302221e-01 1.537980546664812799e-02
7.924124499228808460e-01 1.555309202687049815e-02
8.030654888479528131e-01 1.569239069663607919e-02
8.011691393915711945e-01 1.543043692341075634e-02
8.086201937855803656e-01 1.496944122737766357e-02
8.070095713696927575e-01 1.600132884376576081e-02
8.039433957684738452e-01 1.597433857739796390e-02
8.050747103141911998e-01 1.527645584012310431e-02
8.006698749908780499e-01 1.498204038782396941e-02
7.978883503085674178e-01 1.457912871598735990e-02
8.044257356408182069e-01 1.494387374695969189e-02
8.040787914259823754e-01 1.493258377044494149e-02
7.975781906594401338e-01 1.400863042125380202e-02
7.964777234353992430e-01 1.350562815851963187e-02
7.946655932873921691e-01 1.273168954568186170e-02
6.686501160685577316e-01 1.038867757412610150e-02
4.286897932767601005e-01 1.958601420377340668e-02
