9.343021159062430137e-01 2.145213469026279254e-02
2.443941944742083205e-01 7.329145330153792777e-03
3.868288340629351119e-01 1.019305280223952760e-02
4.282761223312012699e-01 1.088596095609873846e-02
4.764810161475027117e-01 1.174263505051056575e-02
5.104777650406704392e-01 1.274735065655924551e-02
5.391989290048170291e-01 1.411866364986284240e-02
5.655928674556810476e-01 1.517350978865408297e-02
5.885344125459585074e-01 1.606262051685593620e-02
6.118972448932040731e-01 1.665118806533473841e-02
6.358325527895458684e-01 1.733707587864455682e-02
6.549726714477046574e-01 1.852799635356123728e-02
6.622250082387466374e-01 1.841952103024546705e-02
6.678948268918197817e-01 1.867907386895823960e-02
6.809219946445886906e-01 1.806106681853733228e-02
6.916685420003282347e-01 1.902849998446805996e-02
7.125286598955971051e-01 2.042707452550806407e-02
7.095419558607991561e-01 2.104998403023117595e-02
7.178128084339593373e-01 2.191089097630141702e-02
7.215824898277160004e-01 2.455673006003870895e-02
7.250096753331003452e-01 2.536279603208257266e-02
7.297341783462973908e-01 2.424090768617723907e-02
7.296689549429242749e-01 2.471077059091858832e-02
7.223236388673714981e-01 2.547287575343606600e-02
7.272132221462720425e-01 2.586696618917103813e-02
7.272722298350069448e-01 2.588193924756332365e-02
7.254774714722311835e-01 2.537286840648251759e-02
7.353240497107172979e-01 2.551938239302239605e-02
7.365479128692041799e-01 2.446046252692090847e-02
6.169436404849025779e-01 2.037321191311018687e-02
4.190125574949757903e-01 3.568541525829269784e-02
