1.105827500394430674e+00 2.548853336098147113e-02
3.037295868449681469e-01 8.435879461937943052e-03
4.661629259950870185e-01 1.151703828499738534e-02
5.085505016592523075e-01 1.168037287319037901e-02
5.581031420145401434e-01 1.277268336000741793e-02
5.899619368727766489e-01 1.363011450482182543e-02
6.166595274316594155e-01 1.438007215038679398e-02
6.403630923983713030e-01 1.484215692122448256e-02
6.577251941135938695e-01 1.578333360478812938e-02
6.763492805947536324e-01 1.605661794938137085e-02
6.965172424234983284e-01 1.709903070417927162e-02
7.110016194442090320e-01 1.766719582791200296e-02
7.149837066278418307e-01 1.718679433120543637e-02
7.183008023249365381e-01 1.710460503587193926e-02
7.288288700358134253e-01 1.648327787127374169e-02
7.381868223065584100e-01 1.675750776845997755e-02
7.549143296467909492e-01 1.750969897345703088e-02
7.517214791289299480e-01 1.773833522722212050e-02
7.606056213916799758e-01 1.807920509185683908e-02
7.623195139203500226e-01 1.982886757001092737e-02
7.605305119461578389e-01 2.017025120238806479e-02
7.624281128825228793e-01 1.938415411206840383e-02
7.595249073531901152e-01 1.917492213720072003e-02
7.560174941649127067e-01 1.905268079041485402e-02
7.604373941818359794e-01 1.889348305336046099e-02
7.595786016175305466e-01 1.909520347748239200e-02
7.553308084851335646e-01 1.778135647614227308e-02
7.556990779488668153e-01 1.773061018007275960e-02
7.545538525297559307e-01 1.675876880202926966e-02
6.357549018768100524e-01 1.433054927665553153e-02
4.160869321789733566e-01 2.710133794283878239e-02
