1.307154452199248862e+00 3.154272321442699867e-02
3.842808687164530057e-01 1.058748518578684142e-02
5.652219643562085283e-01 1.411380976294504541e-02
6.044067154980197198e-01 1.335954969577571316e-02
6.558103465451503578e-01 1.506189032000163769e-02
6.831472362344712668e-01 1.579972283860846261e-02
7.031272288047346608e-01 1.601288821525205519e-02
7.211912607649146878e-01 1.563497078491212292e-02
7.320568665979650946e-01 1.689972406589999865e-02
7.438497421312189051e-01 1.662227554730081117e-02
7.588425338164125344e-01 1.810104004066251729e-02
7.666710484649633672e-01 1.802650981344284739e-02
7.695075471915494569e-01 1.668616737880602302e-02
7.709931236940142929e-01 1.565736201027089977e-02
7.834707167441098408e-01 1.502800572688805895e-02
7.897924569026386621e-01 1.516704003667749753e-02
8.002478253900372485e-01 1.526299462468170762e-02
7.981960982644190628e-01 1.496498156515951167e-02
8.054559976995449011e-01 1.445578641816408841e-02
8.036885315659140216e-01 1.543573639811308615e-02
8.004724806546084093e-01 1.536471397224395234e-02
8.014362219036995638e-01 1.477746199455652956e-02
7.968895279407179899e-01 1.452800509978057104e-02
7.939599648272464005e-01 1.408687959746797447e-02
8.003027045875873435e-01 1.440677579393472539e-02
7.997951827366032163e-01 1.436463418868717291e-02
7.931682023219205346e-01 1.342206036345356540e-02
7.919130639966479590e-01 1.286905095906955461e-02
7.899509617399618211e-01 1.205483617546466296e-02
6.645482142388098312e-01 9.648877818625365560e-03
4.259734810797390914e-01 1.936808898686590702e-02
