1.013339034342223721e+00 2.340882979020362381e-02
2.740819258187719987e-01 7.925964077501044397e-03
4.258044930770732428e-01 1.089851310549750860e-02
4.674074313959778459e-01 1.090548063020170023e-02
5.201545593447642890e-01 1.185180325589720376e-02
5.523523976866362428e-01 1.258726019593512171e-02
5.771894172203255735e-01 1.384999288963773695e-02
6.011844235166906580e-01 1.434217020158293568e-02
6.220013581448262663e-01 1.568741003658245120e-02
6.397225589281992919e-01 1.593116119552525148e-02
6.608465166243142619e-01 1.769968131044653489e-02
6.736769347441782241e-01 1.894829510662504254e-02
6.816225394602587473e-01 1.786975637057187233e-02
6.867211388432556962e-01 1.716548074884877845e-02
7.065790925739264816e-01 1.609347496601266567e-02
7.156128361347507960e-01 1.745063098077681216e-02
7.255475107117963507e-01 1.840102335712980736e-02
7.234161177417387512e-01 1.888584329444336143e-02
7.309116434251655692e-01 1.917496317473003573e-02
7.351984940325144713e-01 2.131798493527192750e-02
7.407894562642950431e-01 2.178960293136168042e-02
7.431968938968559479e-01 2.086468378233994475e-02
7.409984388542351086e-01 2.163525445832610236e-02
7.331599109876014708e-01 2.159048638055464583e-02
7.417104207038404118e-01 2.203283691042648082e-02
7.436487070232887797e-01 2.095370841384446708e-02
7.340315458527396641e-01 2.133695892802895885e-02
7.409898461246414714e-01 2.181552682922825726e-02
7.441306472997414323e-01 2.157658843670511375e-02
6.232178775528315340e-01 1.649544497081981836e-02
4.300297983704896021e-01 3.300015189677724808e-02
