1.020965771381681764e+00 3.383880194702496014e-02
2.763479535175175639e-01 1.191438457743973674e-02
4.296408240932241829e-01 1.652295946816583969e-02
4.719656154377023793e-01 1.754679870075983791e-02
5.256136096140795466e-01 1.986874967957551891e-02
5.585600640993210186e-01 2.205968038587655805e-02
5.841056981868715248e-01 2.313596398542673571e-02
6.088358940705543842e-01 2.445639722900663435e-02
6.303812794211508530e-01 2.704038048763083776e-02
6.488182924726971779e-01 2.842958329546917476e-02
6.707357744743646100e-01 2.973381842558497565e-02
6.842613174908614981e-01 3.073498187228308406e-02
6.928411908088054627e-01 3.243340091164998579e-02
6.985373273163122398e-01 3.376720368189147642e-02
7.192658322682298211e-01 3.552776281825834048e-02
7.289977956822464300e-01 3.719843439648803929e-02
7.396621491564887574e-01 3.918298749675398068e-02
7.380319527361096643e-01 4.116944674582848768e-02
7.462276036437537341e-01 4.365299090971074686e-02
7.511565939629155642e-01 4.599226304788164854e-02
7.574258328429490650e-01 4.902749461341594089e-02
7.604464769658220158e-01 5.081991881024341268e-02
7.587548931868850488e-01 5.199082521654247585e-02
7.512809335441351655e-01 5.178059189951852992e-02
7.606020360058727281e-01 5.264415481958598791e-02
7.631508207268596911e-01 5.308368222120853075e-02
7.538357308502862120e-01 5.386096154589160162e-02
7.615417126434338435e-01 5.515766977767706108e-02
7.653323597496592967e-01 5.737517066904955498e-02
6.414461953910155501e-01 4.998939895626096364e-02
4.429332944816007922e-01 5.037886213703794691e-02
