1.104941548529414286e+00 2.536651406515424284e-02
3.032965106867731575e-01 8.397976865720404790e-03
4.652072151147601531e-01 1.143844176344882210e-02
5.071905976531804194e-01 1.150540866088549039e-02
5.562627398781333499e-01 1.257079294354318533e-02
5.876488519003223443e-01 1.331719243247461715e-02
6.138577471197362856e-01 1.409117272890423461e-02
6.370550823330418666e-01 1.437572871205489156e-02
6.539184117472407465e-01 1.515350310158412178e-02
6.720143026327228819e-01 1.535296419527537592e-02
6.916203320157237044e-01 1.651564960137645588e-02
7.055614859085279633e-01 1.704616461386954107e-02
7.090695203470210872e-01 1.642098730510172314e-02
7.119138140749508015e-01 1.634141411470436608e-02
7.218966594715869878e-01 1.566854110156271074e-02
7.307084827776101355e-01 1.585547711208029967e-02
7.467993413724686169e-01 1.643195256487333875e-02
7.431758917308632917e-01 1.652654463768586310e-02
7.514889175136018062e-01 1.675345310847353372e-02
7.527113810359168378e-01 1.823168200317465057e-02
7.504754399841316870e-01 1.837851810139754655e-02
7.518775880043274684e-01 1.791330674229686670e-02
7.485462767370744119e-01 1.799756447834450698e-02
7.446237352352519379e-01 1.781860524785788130e-02
7.485087669951182576e-01 1.767777496990204089e-02
7.471960101522596709e-01 1.795393522284370602e-02
7.425529331030996660e-01 1.681480246378967355e-02
7.424505055458415770e-01 1.667262141437536246e-02
7.408618844839219841e-01 1.582835964510189916e-02
6.238283748016602015e-01 1.315504092228911293e-02
4.080260394642726274e-01 2.699466560326293715e-02
