1    2.251585604622    0.001027021705    1.7700    4.0000 
2    0.855184753744    0.000506406158    1.4100    15.0000 
3    0.875549626246    0.000602800394    1.4200    14.0000 
4    0.895561740507    0.000737002089    1.3200    19.0000 
5    0.915160846157    0.000923295138    1.2100    26.0000 
6    0.934006146581    0.001160389211    0.9800    47.0000 
7    0.952853143252    0.001437436411    0.9000    56.0000 
8    0.910353256676    0.000804866890    1.8800    3.0000 
9    0.929415360882    0.000897943533    2.1600    1.0000 
10    0.948331757452    0.001035033305    2.0400    1.0000 
11    0.966997481286    0.001231167414    1.6800    6.0000 
12    0.986150081797    0.001508331931    1.7200    5.0000 
13    1.003741878920    0.001761261316    1.1300    33.0000 
14    0.683323712655    0.013745064051    2.1900    7.0000 
15    0.657068881235    0.017150237391    1.8200    12.0000 
16    0.635649402103    0.023521667151    1.1300    34.0000 
17    0.630704576277    0.032853991616    2.6300    3.0000 
18    0.604300782153    0.040078316592    1.5000    20.0000 
19    0.294831009602    0.005259727399    0.4100    80.0000 
20    0.285143530550    0.006564465874    0.9600    43.0000 
21    0.270338981824    0.008810346236    1.6600    16.0000 
22    0.280978966109    0.014589707612    0.4100    80.0000 
23    0.255586177556    0.015117714144    0.8000    52.0000 
24    0.423780459261    0.006070367566    0.5600    69.0000 
25    0.416586233914    0.007455562576    0.8800    48.0000 
26    0.405504830495    0.010042976408    1.8000    12.0000 
27    0.383308220311    0.019731373922    0.8700    48.0000 
28    0.346200890222    0.024735905503    1.2900    27.0000 
29    0.638356934253    0.106658261843    0.4100    80.0000 
30    0.470098161641    0.118690236754    0.9600    43.0000 
31    0.542662895887    0.143705719006    0.4100    80.0000 
32    0.237082334587    0.221155090379    0.6800    61.0000 
