1    2.251585604622    0.001027021705    1.7700    4.0000 
2    0.768389598524    0.000459324315    1.4500    13.0000 
3    0.791532928561    0.000565917928    1.3700    17.0000 
4    0.814182170084    0.000715921837    1.2200    26.0000 
5    0.836285730598    0.000927101343    1.1600    30.0000 
6    0.857241196156    0.001199689304    1.0400    41.0000 
7    0.878446117579    0.001527636243    0.9600    49.0000 
8    0.832529615424    0.000790679727    1.9700    2.0000 
9    0.853795940820    0.000892533330    2.2900    1.0000 
10    0.874771854606    0.001041590488    2.1600    1.0000 
11    0.895403549018    0.001256518279    1.7400    5.0000 
12    0.916485925930    0.001565141126    1.7500    5.0000 
13    0.935712219177    0.001843584262    1.1300    33.0000 
14    0.715756381385    0.013539464732    1.9500    10.0000 
15    0.683083055752    0.017067000641    1.6000    17.0000 
16    0.655481457908    0.024118664213    1.0300    39.0000 
17    0.644360656251    0.035255595292    2.6100    3.0000 
18    0.613911427355    0.043017470688    1.4700    21.0000 
19    0.283856470628    0.004816937701    0.3100    87.0000 
20    0.272608764294    0.006054951257    0.7100    58.0000 
21    0.256229643299    0.008332575525    1.3800    24.0000 
22    0.268696480307    0.014528321884    0.3500    84.0000 
23    0.241530145674    0.014738011876    0.7000    59.0000 
24    0.420970023066    0.005571803445    0.5300    71.0000 
25    0.411796459760    0.006977958703    0.7100    58.0000 
26    0.398597690312    0.009700628176    1.4900    20.0000 
27    0.377255302437    0.020188419136    0.5500    70.0000 
28    0.336128093634    0.025765311151    1.0700    37.0000 
29    0.658022870428    0.105634782748    0.3100    87.0000 
30    0.467782270549    0.121280393010    0.7100    58.0000 
31    0.552485057132    0.147969291538    0.3500    84.0000 
32    0.254768235682    0.230101392394    0.5500    70.0000 
