3.515058140756588401e-01 5.948008419332169970e-03
4.114136661188168009e-01 8.493291374374326713e-03
4.627027398602993058e-01 1.025840234022278030e-02
4.666025111254155089e-01 9.459968627563855939e-03
4.774169494286413240e-01 9.658232306774108822e-03
4.801106095977084598e-01 1.016169196242030365e-02
4.829818108530544718e-01 1.043088375673287445e-02
4.814540220523458869e-01 9.947642765362850817e-03
4.818306239143815839e-01 1.003934210802599584e-02
4.806196129434140429e-01 9.464006077658728908e-03
4.850402736003200932e-01 9.420896577316215451e-03
4.853404702546638694e-01 8.824317372216712238e-03
4.868144730811714838e-01 8.602333109175269721e-03
4.832577249610566228e-01 8.176583366149625665e-03
4.852871645759606611e-01 7.870836095807293500e-03
4.862323182738941263e-01 7.411174111066095964e-03
4.870723771021370219e-01 6.955724335455182664e-03
4.835541740605387440e-01 6.681765061431034838e-03
4.853247829525073609e-01 6.364652718876096828e-03
4.862343357339170002e-01 6.324379734635665433e-03
4.862079848512297908e-01 6.442640115039776662e-03
4.839764805631543432e-01 6.283512136867478934e-03
4.827225488175509449e-01 6.432396964741112465e-03
4.819085578115520074e-01 6.308933784352882199e-03
4.838510339682503547e-01 6.395711455193401306e-03
4.811837131705129500e-01 6.365121235918058153e-03
4.758542024373442203e-01 6.298721443801828801e-03
4.706247901746981599e-01 5.859497569040164784e-03
4.651729205979495130e-01 5.890059011453603263e-03
3.945888100940544985e-01 4.925064050538556677e-03
4.570049798916346884e-01 5.191311851008771801e-03
