2.954238265075409542e-01 5.040001555548428123e-03
3.323432298557054687e-01 7.013474614827493181e-03
3.879763677871158611e-01 8.902450178259444652e-03
3.994788526312834098e-01 8.612931494415677555e-03
4.157861667771955427e-01 8.761890377005839350e-03
4.236856944383224910e-01 9.273783745321935099e-03
4.310234567522955307e-01 9.632748091552758435e-03
4.335607992875226135e-01 9.356701422877864924e-03
4.374050055723335273e-01 9.405050771288827813e-03
4.396333140065238898e-01 9.149756419446580108e-03
4.468753878301695570e-01 9.152539345784962629e-03
4.496715814581404569e-01 8.884985152265531538e-03
4.525823408610062382e-01 8.695115546037395643e-03
4.514030180332577746e-01 8.461363456810231526e-03
4.555889530967475731e-01 8.315514820169084970e-03
4.581289274550436885e-01 8.033425116930715398e-03
4.600189587553202286e-01 7.610411054823947551e-03
4.576156049919040125e-01 7.384357588856814252e-03
4.604278760571776097e-01 7.028133443767089691e-03
4.615949423714703070e-01 6.982263710143257404e-03
4.624438037701952831e-01 7.181725607341902379e-03
4.600568650081531819e-01 7.067006245158012623e-03
4.593834452568413274e-01 7.262948372483460716e-03
4.594496113091128819e-01 7.435095466162633740e-03
4.624442021978591444e-01 7.494056246045507561e-03
4.610687009017350735e-01 7.359853290015381903e-03
4.558814705095515230e-01 7.238924729138961761e-03
4.511646478373242952e-01 7.130448425151864403e-03
4.456727787437774757e-01 6.874042841073312905e-03
3.771042824556059547e-01 5.659489995594024943e-03
4.330899587406037421e-01 5.862726646597348976e-03
