2.292178110706427629e-01 4.892684619749990485e-03
2.449048257759123270e-01 6.186538283868421931e-03
2.991568455320205433e-01 8.227065948921575417e-03
3.168962363600040799e-01 8.617192809597721409e-03
3.379166623585175278e-01 9.024671725487914270e-03
3.507283308201641359e-01 9.591029180553109837e-03
3.628297428558361348e-01 1.020914929333877931e-02
3.703338267544946660e-01 1.036846457402237215e-02
3.787620298382908812e-01 1.052861460871471790e-02
3.854143458316329762e-01 1.071816571392997242e-02
3.966129777451534166e-01 1.094313114091942721e-02
4.020118733910793551e-01 1.119118483719106112e-02
4.062317114701418652e-01 1.124964756673209158e-02
4.082151121258087434e-01 1.124080457502553421e-02
4.156536841152774775e-01 1.138853955120476373e-02
4.207347856150394083e-01 1.152049333496211504e-02
4.244161396636751959e-01 1.145073253502059546e-02
4.240811385054202298e-01 1.141875947368280013e-02
4.283705979100173034e-01 1.148596175788667122e-02
4.306425669152376123e-01 1.146491688392156996e-02
4.330213449791298075e-01 1.182960964894295280e-02
4.305708722803548993e-01 1.187164467814207959e-02
4.307226785486324983e-01 1.245393387359603268e-02
4.319526303376193255e-01 1.287141792603085401e-02
4.378910544566635976e-01 1.325049986112441895e-02
4.385154649194964449e-01 1.280963691198797744e-02
4.334041720189692470e-01 1.282731314051390945e-02
4.317173391783624137e-01 1.319481857117296014e-02
4.259950929369154538e-01 1.247847074364575801e-02
3.572814250832841987e-01 1.038622183027130760e-02
4.065923432626608047e-01 1.089405036749274344e-02
