2.508967496500076888e-01 8.941096156005261600e-03
2.724061959065528504e-01 1.037104903170540417e-02
3.284749534560688078e-01 1.278166330152884916e-02
3.449154864791463271e-01 1.358614613696936500e-02
3.652135028556989238e-01 1.451982472517391806e-02
3.768585480705448076e-01 1.600706072082213119e-02
3.878970722826082240e-01 1.635288416956536331e-02
3.940492545705110983e-01 1.712150729802109500e-02
4.016403840765587763e-01 1.777247949640271135e-02
4.071513909671595766e-01 1.850108964592011088e-02
4.177219666692237876e-01 1.912956846198334004e-02
4.225369921757257674e-01 1.965943344217122718e-02
4.270127430153621284e-01 2.019726476795827633e-02
4.283360071106858680e-01 2.079684607606901298e-02
4.353782226450985671e-01 2.189136968250329426e-02
4.402499243731771150e-01 2.254451030014743840e-02
4.440460359634849641e-01 2.316192771386842500e-02
4.435947638266742876e-01 2.399882891898333370e-02
4.482703741488284210e-01 2.495734289491895186e-02
4.513340609666636749e-01 2.599655568692098989e-02
4.541277918712684492e-01 2.750155384218530216e-02
4.520149672775159999e-01 2.827651422019461513e-02
4.522949815033606158e-01 2.921618586820062119e-02
4.534545849507499726e-01 3.014710538193335690e-02
4.595714296028360346e-01 3.128555930503825605e-02
4.605574932117870723e-01 3.212992052011649086e-02
4.556843899137565379e-01 3.293929606321434334e-02
4.538540094746650877e-01 3.382013901142524176e-02
4.505295931249878594e-01 3.448944150288692917e-02
3.793377392717628416e-01 2.996030443279076860e-02
4.328315365011083937e-01 3.497311795912095428e-02
