2.954915298944352786e-01 5.051590122012055740e-03
3.325563179371550104e-01 7.043287728949626861e-03
3.883850362449536298e-01 8.932638923389560684e-03
4.000643559268457494e-01 8.664099799826548501e-03
4.165670847492984330e-01 8.831622793375563940e-03
4.246562932315581795e-01 9.400085724570881457e-03
4.321888107505220122e-01 9.764024432713227716e-03
4.349120802484531811e-01 9.538994911857437073e-03
4.389489966863712178e-01 9.598163873219146131e-03
4.413668952231786236e-01 9.378156335835831706e-03
4.488223203581513387e-01 9.393046969989700054e-03
4.518167232929916066e-01 9.098386372279937753e-03
4.549286765937865518e-01 8.897180394690432439e-03
4.539301368654694580e-01 8.695001766655118675e-03
4.583282142426687855e-01 8.547343035788733737e-03
4.610732985361656877e-01 8.252743071686715476e-03
4.631661768311440830e-01 7.829832093002496440e-03
4.609361622260230718e-01 7.617492916325073991e-03
4.639598663820909685e-01 7.249021648109979336e-03
4.653274751180488389e-01 7.238174070966604118e-03
4.663752216736717360e-01 7.501233860478632304e-03
4.641590992775431745e-01 7.400521395708865163e-03
4.636705823181347941e-01 7.592420799989275243e-03
4.639283795396941801e-01 7.815929342906639821e-03
4.671444999080637817e-01 7.879629265253436377e-03
4.659468627277707498e-01 7.796434917551151034e-03
4.608945153668419503e-01 7.648078307433839665e-03
4.563137032157503770e-01 7.504802647551487779e-03
4.509448244275003348e-01 7.249153669019172026e-03
3.817223702591613921e-01 6.228794951392773761e-03
4.385742319395194988e-01 6.488172686610851024e-03
