2.490458176853912464e-01 4.898433044464521255e-03
2.701977658235374946e-01 6.426188587912549585e-03
3.255724041044968931e-01 8.436190079872923908e-03
3.416162928572893942e-01 8.594861541422882736e-03
3.614541885537818078e-01 8.920745225683420626e-03
3.727051215465274070e-01 9.437693281654420743e-03
3.833399185732632164e-01 9.943264227300597016e-03
3.891334901837179561e-01 1.001540894050817997e-02
3.963382862724929567e-01 1.009314962830847213e-02
4.014811234837230014e-01 1.013186009557815251e-02
4.116016209896641853e-01 1.020867082687255609e-02
4.160399670956222429e-01 1.027803603650128891e-02
4.201377515435248400e-01 1.026638946577419949e-02
4.211298345969133328e-01 1.017979237776026405e-02
4.277388351392579224e-01 1.025476442900482427e-02
4.322070282343010161e-01 1.022171953159845860e-02
4.356132554889324271e-01 1.004349919753743173e-02
4.348505811244028352e-01 9.869130725943064605e-03
4.391109182821293366e-01 9.781198102681307530e-03
4.417869289986340320e-01 9.765345440095950930e-03
4.441947158769763426e-01 1.016355738955956878e-02
4.418030168244039824e-01 1.005297931395054446e-02
4.417516547581715192e-01 1.044352453720495504e-02
4.425585830532583476e-01 1.072429625480228466e-02
4.481986528015545757e-01 1.107388924859516004e-02
4.488300561733360450e-01 1.063360375064450504e-02
4.437545155320373746e-01 1.070578090077211990e-02
4.416470814361236341e-01 1.079049778812397886e-02
4.380897234389431460e-01 1.059672979237800267e-02
3.685923767561467002e-01 8.630812695444311372e-03
4.202616372144932777e-01 8.707450430972301508e-03
