3.221344768826486793e-01 5.377974474873926415e-03
3.694103960754551164e-01 7.617473723702817764e-03
4.236130035954848716e-01 9.453474616571802200e-03
4.317156391141969696e-01 8.906332590591569884e-03
4.455639785577073519e-01 9.062764043064478262e-03
4.510540888279626626e-01 9.572978969785832584e-03
4.562887561265747682e-01 9.883337740233652871e-03
4.568639903258391310e-01 9.505686544415832898e-03
4.590785662570066594e-01 9.572215033592483199e-03
4.596347775679228698e-01 9.155938350167402637e-03
4.655381980505657880e-01 9.127383164925968045e-03
4.671399802812327695e-01 8.682936121021915185e-03
4.694310852923122002e-01 8.473337191318821085e-03
4.670830844420779671e-01 8.147173818561767589e-03
4.702273740989882378e-01 7.924602545122614791e-03
4.719571945490372844e-01 7.543906377981826790e-03
4.733756637595052386e-01 7.086730584462354668e-03
4.704078895531854654e-01 6.823279081235681179e-03
4.727128689695726527e-01 6.449347053005339073e-03
4.738231630646979053e-01 6.404507661162616231e-03
4.742804444405588349e-01 6.567724353968225001e-03
4.719867708492177516e-01 6.407660550674277797e-03
4.709972221042663665e-01 6.561462927888611109e-03
4.706539373031947693e-01 6.596509028193428027e-03
4.731291835069504903e-01 6.672916304761143495e-03
4.712072813340869581e-01 6.605292402845484856e-03
4.659524758064848560e-01 6.506953093279246522e-03
4.609834068443016131e-01 6.221007422636808115e-03
4.557227436239710827e-01 6.143368837613783634e-03
3.862317984747201116e-01 5.068254235290078555e-03
4.452852586417189729e-01 5.269363414245713251e-03
