3.221718340666673286e-01 5.385927319048794751e-03
3.695282335682189556e-01 7.635701136794739545e-03
4.238341505925352637e-01 9.473685503045775960e-03
4.320286987399641898e-01 8.938038325803150663e-03
4.459775939976314829e-01 9.105305726274593586e-03
4.515644482587405362e-01 9.642352627520455605e-03
4.568977684559289987e-01 9.958458785801383925e-03
4.575666361439442720e-01 9.610005314236162721e-03
4.598779528532541683e-01 9.682924796371788698e-03
4.605285995526311460e-01 9.288166087366657789e-03
4.665381865802862849e-01 9.270813659077966826e-03
4.682384411038535421e-01 8.818095060796251466e-03
4.706304506494614626e-01 8.607732109745984753e-03
4.683715094411335378e-01 8.300048125835311763e-03
4.716201904283396362e-01 8.075986634531465841e-03
4.734512242023738993e-01 7.693840400600650276e-03
4.749705816723307494e-01 7.245934759714271409e-03
4.720886213492746508e-01 6.989994782403808650e-03
4.744981383451546963e-01 6.626348522517529031e-03
4.757091734773520875e-01 6.603326224219370141e-03
4.762649356644154675e-01 6.801599450376169705e-03
4.740578775592821370e-01 6.652085003373933367e-03
4.731600170973614405e-01 6.822142807024764513e-03
4.729111359215460997e-01 6.875088819026267499e-03
4.754947574347123673e-01 6.963664210504013144e-03
4.736593778747088535e-01 6.920839209924130840e-03
4.684723061628032204e-01 6.819942498883128229e-03
4.635704491355318591e-01 6.530458216584754741e-03
4.583732924686708121e-01 6.464012715386874622e-03
3.885570378481812415e-01 5.463421483395960836e-03
4.480569544720396369e-01 5.708645947030194755e-03
