2.309603681116529916e-01 8.537797251495319109e-03
2.470349076755997408e-01 9.716289172958031059e-03
3.020868425175300409e-01 1.218560796643575368e-02
3.203478600967993306e-01 1.319375715547795036e-02
3.419686030035989921e-01 1.423477665742415785e-02
3.553197573691158073e-01 1.581771372074344817e-02
3.679791999161597937e-01 1.637060529942880455e-02
3.759981031014187347e-01 1.732955075669669401e-02
3.849732803309758866e-01 1.817393762605440735e-02
3.921605558431957572e-01 1.908777106054257780e-02
4.039939261184278818e-01 1.994512324502297623e-02
4.099384703809997310e-01 2.073216198460191284e-02
4.146918497537582793e-01 2.143297655039712313e-02
4.171695846060876622e-01 2.222036011212168496e-02
4.252331114121309930e-01 2.354809304304351925e-02
4.308992532399827935e-01 2.446205425348615264e-02
4.351420900294802330e-01 2.512281494578308058e-02
4.352713084330485094e-01 2.613534479899324095e-02
4.401519391535901882e-01 2.726681290628742843e-02
4.429674368614656133e-01 2.837698292372792253e-02
4.458985213765621625e-01 2.997373795582502012e-02
4.438571862767123344e-01 3.107329768953324620e-02
4.444963807210908224e-01 3.212215050700611280e-02
4.462502725320518504e-01 3.315601984526261869e-02
4.528770635109368725e-01 3.436811800908991243e-02
4.540158848564876393e-01 3.552866897289008036e-02
4.492117450989286387e-01 3.625933975710442236e-02
4.479498424492207032e-01 3.744899003602590593e-02
4.424929688645090620e-01 3.781087878612936909e-02
3.715216244860365946e-01 3.293767860786094709e-02
4.232575719715131468e-01 3.831537804579263767e-02
