1    1.924991891855    0.001268699148    0.3400    94.0000 
2    0.698633906957    0.000560914741    1.3400    22.0000 
3    0.710097006603    0.000654513153    1.1700    32.0000 
4    0.721371400423    0.000770283421    0.9900    44.0000 
5    0.732423529873    0.000908819541    0.7900    59.0000 
6    0.743552227507    0.001073420401    0.7100    66.0000 
7    0.754201674313    0.001265008708    0.5400    81.0000 
8    0.749640769517    0.001002423367    1.2000    30.0000 
9    0.760472611446    0.001112030597    1.1900    30.0000 
10    0.771157058363    0.001240107987    1.1500    33.0000 
11    0.781689906290    0.001389298650    1.0700    38.0000 
12    0.791519809087    0.001555956355    1.2200    29.0000 
13    0.801684715248    0.001743131892    1.0400    40.0000 
14    0.805775958386    0.013093608711    0.6500    69.0000 
15    0.786204341382    0.014620181097    0.3900    89.0000 
16    0.765828245613    0.016733084814    0.2000    98.0000 
17    0.763755364032    0.020068666476    0.6400    70.0000 
18    0.737436334053    0.022781401361    0.2000    98.0000 
19    0.328829093540    0.004568280959    2.3800    3.0000 
20    0.319738821870    0.004878592622    1.8800    8.0000 
21    0.310957198315    0.005482731669    1.6300    13.0000 
22    0.309146672053    0.008080045252    1.3300    24.0000 
23    0.298036964320    0.007770507812    1.1200    35.0000 
24    0.481820872432    0.005556579712    2.7900    1.0000 
25    0.473835404261    0.006002280438    2.1900    4.0000 
26    0.465335363732    0.006737912078    1.8400    9.0000 
27    0.452454655002    0.009449260640    1.4900    18.0000 
28    0.443285470272    0.010941949592    1.2500    28.0000 
29    0.851950016922    0.071786991795    2.3800    3.0000 
30    0.731713081636    0.072745576766    1.8800    8.0000 
31    0.848005093058    0.084914677486    1.3300    24.0000 
32    0.601057745086    0.137670790715    0.9900    43.0000 
