1    1.924991891855    0.001268699148    0.3400    94.0000 
2    0.722328027352    0.000577113513    1.2700    26.0000 
3    0.733358131665    0.000669491286    1.1100    35.0000 
4    0.744215853556    0.000783336726    0.9500    47.0000 
5    0.754866964516    0.000919019019    0.7700    62.0000 
6    0.765616087490    0.001078049874    0.7000    67.0000 
7    0.775889117268    0.001264897982    0.5200    82.0000 
8    0.771163147123    0.001010323910    1.1500    33.0000 
9    0.781636411312    0.001117000756    1.1300    34.0000 
10    0.791971529367    0.001241531116    1.1000    36.0000 
11    0.802157706960    0.001386573428    1.0300    41.0000 
12    0.811717652112    0.001547292600    1.1600    32.0000 
13    0.821544286841    0.001729226510    1.0000    43.0000 
14    0.794287613893    0.013096155058    0.6800    67.0000 
15    0.776181842952    0.014582362677    0.4100    87.0000 
16    0.757197384586    0.016620512295    0.2200    97.0000 
17    0.755707769619    0.019815155094    0.6500    69.0000 
18    0.731025606119    0.022455075146    0.2000    98.0000 
19    0.332885558174    0.004682998343    2.3700    3.0000 
20    0.324150520246    0.005003272778    1.9000    8.0000 
21    0.315720661580    0.005612075207    1.6500    13.0000 
22    0.313808745422    0.008162544182    1.3600    23.0000 
23    0.303373268045    0.007911489114    1.1200    35.0000 
24    0.483410151709    0.005684200389    2.7400    1.0000 
25    0.475752632889    0.006129575298    2.1800    4.0000 
26    0.467632853618    0.006862562005    1.8400    9.0000 
27    0.455585386793    0.009553530808    1.4600    19.0000 
28    0.446924676130    0.011038955872    1.2000    30.0000 
29    0.852260988599    0.071425909611    2.3700    3.0000 
30    0.736125002053    0.072742346532    1.9000    8.0000 
31    0.856728479619    0.084849688329    1.3600    23.0000 
32    0.612904718042    0.139080725712    0.9900    43.0000 
