1    3.006277955182    0.001240191302    0.4300    97.0000 
2    1.022204809728    0.000470006525    1.8400    2.0000 
3    1.050172922674    0.000599189678    1.9600    1.0000 
4    1.077340281109    0.000795215481    1.9100    2.0000 
5    1.103727504212    0.001093021038    1.7900    3.0000 
6    1.127043941051    0.001453166276    1.3000    19.0000 
7    1.152222775974    0.001850675949    1.1600    30.0000 
8    1.104326672816    0.000926283289    1.5500    8.0000 
9    1.130334292461    0.001070718206    1.3800    15.0000 
10    1.155910211790    0.001300924407    1.3600    15.0000 
11    1.181113958693    0.001642881717    1.5000    10.0000 
12    1.203783688812    0.002017493590    1.7900    3.0000 
13    1.227933658440    0.002430457779    1.5400    8.0000 
14    0.496553633887    0.008824789970    0.5700    68.0000 
15    0.476229904485    0.010339838835    0.9100    46.0000 
16    0.457382182618    0.013611632192    1.3700    24.0000 
17    0.425587474070    0.019064183737    0.7900    53.0000 
18    0.387147624707    0.021452990492    1.4300    22.0000 
19    0.200450949292    0.003161065850    2.3400    5.0000 
20    0.190332611680    0.003766814430    1.8900    11.0000 
21    0.181293707565    0.004878592703    2.0400    9.0000 
22    0.189450786497    0.008077754115    1.8800    11.0000 
23    0.167751874901    0.007847291761    1.5800    18.0000 
24    0.296568219593    0.003800283197    2.4100    5.0000 
25    0.288211378291    0.004553004912    1.8600    11.0000 
26    0.280936603370    0.005940034357    2.3600    5.0000 
27    0.255896659339    0.010645188685    1.9400    10.0000 
28    0.243019746404    0.013056585974    3.4600    1.0000 
29    0.393487390252    0.062499303801    2.3400    5.0000 
30    0.428541854223    0.069052787100    1.8900    11.0000 
31    0.321740049825    0.078278918287    1.8800    11.0000 
32    0.304272255511    0.123717098756    1.6000    17.0000 
