1    3.006277955182    0.001240191302    0.4300    97.0000 
2    0.876946393239    0.000385815135    2.0600    1.0000 
3    0.911327189416    0.000528062560    2.1800    1.0000 
4    0.944361739176    0.000751202423    2.0800    1.0000 
5    0.976157025197    0.001114922482    1.8500    2.0000 
6    1.004573532440    0.001605208739    1.4600    11.0000 
7    1.034422849183    0.002115434715    1.3000    19.0000 
8    0.978643497701    0.000903655091    1.7500    4.0000 
9    1.009440599297    0.001062614308    1.5000    9.0000 
10    1.039543834242    0.001322557578    1.3800    15.0000 
11    1.068858940331    0.001723187375    1.5900    7.0000 
12    1.096534692143    0.002221684075    1.7200    4.0000 
13    1.124204323558    0.002700860888    1.4400    12.0000 
14    0.534009239114    0.009036004964    0.8000    53.0000 
15    0.505004639406    0.010682039997    1.1100    35.0000 
16    0.476369942843    0.014660596464    1.3200    26.0000 
17    0.442086418853    0.021843468894    0.5100    73.0000 
18    0.392716195816    0.024266484696    1.3200    26.0000 
19    0.191255957258    0.002839197061    2.0700    8.0000 
20    0.178286857244    0.003383676587    1.7500    14.0000 
21    0.167566636265    0.004527936852    2.1000    8.0000 
22    0.176720618016    0.008527221042    2.4200    5.0000 
23    0.151055100716    0.007828528427    1.5900    17.0000 
24    0.294784339120    0.003393076716    1.8900    11.0000 
25    0.283203615798    0.004135880311    1.5200    19.0000 
26    0.273534553239    0.005665733696    2.2500    6.0000 
27    0.243652928144    0.011246837667    1.4900    20.0000 
28    0.227052423620    0.014017468842    3.3000    1.0000 
29    0.398279406952    0.062923047263    2.0700    8.0000 
30    0.440149756865    0.070736848813    1.7500    14.0000 
31    0.306240930314    0.082350768503    2.4300    5.0000 
32    0.271014039548    0.131361527188    1.7100    15.0000 
