1    3.006277955182    0.001240191302    0.4300    97.0000 
2    0.951342065319    0.000425958479    1.9600    1.0000 
3    0.982241477040    0.000560686481    2.0900    1.0000 
4    1.012107734135    0.000767955411    2.0100    1.0000 
5    1.041000113419    0.001093373660    1.8400    2.0000 
6    1.066685690580    0.001507186417    1.3700    15.0000 
7    1.094059640014    0.001951130847    1.2200    25.0000 
8    1.042820411099    0.000910323508    1.6600    5.0000 
9    1.071066345679    0.001060808888    1.4300    12.0000 
10    1.098754371102    0.001303531231    1.3700    15.0000 
11    1.125878918143    0.001670459485    1.5400    8.0000 
12    1.150870673477    0.002098284287    1.7800    3.0000 
13    1.176667068262    0.002538061484    1.5100    9.0000 
14    0.515450333844    0.008863230852    0.7000    59.0000 
15    0.491244255386    0.010426154681    1.0300    39.0000 
16    0.467954223789    0.013986866357    1.3600    25.0000 
17    0.434855486545    0.020184430294    0.6700    61.0000 
18    0.391138294449    0.022585161623    1.3900    23.0000 
19    0.196700568192    0.002986553732    2.2400    6.0000 
20    0.185162886670    0.003563245175    1.8600    11.0000 
21    0.175242989245    0.004688349708    2.0800    8.0000 
22    0.184011567825    0.008255452890    2.1700    7.0000 
23    0.160227013663    0.007808079558    1.5900    17.0000 
24    0.296728233405    0.003581284204    2.1700    7.0000 
25    0.286828253681    0.004328652863    1.7100    14.0000 
26    0.278388425379    0.005779565966    2.3200    5.0000 
27    0.250828706577    0.010874800375    1.7400    14.0000 
28    0.236205361895    0.013443381831    3.4400    1.0000 
29    0.394810739012    0.062743745991    2.2400    6.0000 
30    0.435205729343    0.069937252174    1.8600    11.0000 
31    0.313526650778    0.080089103012    2.1800    7.0000 
32    0.290692681347    0.126841377453    1.6600    16.0000 
