1    2.252826383454    0.000872829337    0.5700    88.0000 
2    0.769219765383    0.000360174198    1.2300    25.0000 
3    0.792123422374    0.000446230780    1.1100    35.0000 
4    0.814372816973    0.000570890759    0.9000    56.0000 
5    0.836198861878    0.000759227887    0.6700    80.0000 
6    0.856504739191    0.001025777165    0.9300    52.0000 
7    0.877151420731    0.001339183622    0.8500    61.0000 
8    0.834896786251    0.000658254036    0.9000    55.0000 
9    0.856187623679    0.000748230023    0.8900    56.0000 
10    0.876986889531    0.000876310840    0.8100    65.0000 
11    0.897414460565    0.001060889482    0.7500    71.0000 
12    0.917609341744    0.001359357382    0.7200    74.0000 
13    0.937457275619    0.001629384779    0.9500    50.0000 
14    0.716334256638    0.019878195469    0.5100    73.0000 
15    0.695137268194    0.022840433230    1.0800    36.0000 
16    0.684926349282    0.028524526887    1.9000    11.0000 
17    0.670370651257    0.039059484631    0.9600    43.0000 
18    0.652747773484    0.039248373713    1.3500    25.0000 
19    0.278052007845    0.007390433903    0.4100    80.0000 
20    0.263840768423    0.008231197229    0.6900    60.0000 
21    0.248080657672    0.009755076720    1.3800    24.0000 
22    0.260850617895    0.015441408001    0.7400    56.0000 
23    0.233698683348    0.013649428985    1.0900    36.0000 
24    0.415607988559    0.009760126857    0.3900    82.0000 
25    0.400828146562    0.010661844488    0.3800    83.0000 
26    0.385342121695    0.012420711123    1.0000    40.0000 
27    0.358460153514    0.021691302155    0.9700    42.0000 
28    0.340665417391    0.023379524307    1.4800    21.0000 
29    0.564553663215    0.083815590430    0.4100    80.0000 
30    0.426054453046    0.102670680823    0.6900    60.0000 
31    0.447084968216    0.135550986191    0.7400    56.0000 
32    0.374925633055    0.208389235400    1.6900    15.0000 
