1    2.252826383454    0.000872829337    0.5700    88.0000 
2    0.855861238803    0.000401075985    1.1300    32.0000 
3    0.875986755561    0.000481726048    1.0200    43.0000 
4    0.895696066303    0.000595729518    0.8300    63.0000 
5    0.915159883281    0.000761763037    0.5900    86.0000 
6    0.933220966154    0.000996422183    0.9000    55.0000 
7    0.951926030659    0.001265241279    0.8100    65.0000 
8    0.912410923770    0.000669918642    0.8700    59.0000 
9    0.931432655589    0.000753744805    0.9100    54.0000 
10    0.950143237150    0.000872504434    0.8700    59.0000 
11    0.968621607385    0.001040700499    0.7800    69.0000 
12    0.986750900256    0.001306603268    0.7200    74.0000 
13    1.004975724964    0.001564335600    0.8400    62.0000 
14    0.680854675138    0.019441355215    0.5700    68.0000 
15    0.666359315197    0.022147473357    0.9600    43.0000 
16    0.659346408061    0.027079610603    1.5900    17.0000 
17    0.647557908636    0.036423013884    1.0300    39.0000 
18    0.637752794093    0.035813022075    1.1400    34.0000 
19    0.288617315826    0.007869792863    0.4500    77.0000 
20    0.275922626194    0.008740175194    0.7500    56.0000 
21    0.261474657322    0.010229294183    1.4400    22.0000 
22    0.276281942893    0.015472639558    0.7000    59.0000 
23    0.251014184298    0.013781427617    1.1300    34.0000 
24    0.417916160438    0.010183448018    0.4400    78.0000 
25    0.405301872153    0.011079983486    0.4400    78.0000 
26    0.391669793790    0.012755966577    1.0700    37.0000 
27    0.370136627220    0.021265457680    0.8400    50.0000 
28    0.354549122882    0.022394504081    1.3200    26.0000 
29    0.537182068078    0.082188752186    0.4500    77.0000 
30    0.413317068464    0.098420416989    0.7500    56.0000 
31    0.443350818503    0.128401583929    0.7000    59.0000 
32    0.378438992557    0.197940384410    1.5800    18.0000 
