1    2.254128048489    0.001161648927    1.0800    37.0000 
2    0.857205249680    0.000550725782    0.6100    85.0000 
3    0.877526286068    0.000662785787    0.6900    77.0000 
4    0.897352506540    0.000824061347    0.7000    77.0000 
5    0.916644992299    0.001054685127    0.7000    77.0000 
6    0.935501798821    0.001362803054    0.2900    99.0000 
7    0.953969069226    0.001713141953    0.3200    99.0000 
8    0.914181416893    0.000965219271    1.2800    22.0000 
9    0.933478171238    0.001066120002    1.4800    12.0000 
10    0.952235048880    0.001206152626    1.4600    12.0000 
11    0.970647416440    0.001406009996    1.3900    15.0000 
12    0.988595007490    0.001730963594    1.3500    17.0000 
13    1.006188318920    0.001986160344    1.1500    31.0000 
14    0.705557716500    0.015090809109    1.2300    30.0000 
15    0.689909983380    0.018251908634    1.3300    26.0000 
16    0.682414262568    0.025487749753    1.4900    20.0000 
17    0.618721699948    0.036098954089    0.7600    55.0000 
18    0.608222179512    0.041136132272    1.9400    10.0000 
19    0.301331967168    0.005868584601    1.3400    25.0000 
20    0.287838509437    0.007135502339    1.5300    19.0000 
21    0.277041018570    0.009533555603    1.2900    27.0000 
22    0.290004355669    0.015958183796    0.3900    82.0000 
23    0.256210668930    0.016713300530    0.5500    70.0000 
24    0.434395409544    0.006723878809    0.9900    41.0000 
25    0.424038055183    0.008018477365    1.1400    34.0000 
26    0.412557431406    0.010449530471    0.8500    49.0000 
27    0.376513654533    0.021228821836    0.7200    58.0000 
28    0.370859846377    0.026547918509    0.9700    42.0000 
29    0.587925363840    0.107077234453    1.3400    25.0000 
30    0.549101403350    0.123464022802    1.5300    19.0000 
31    0.372538312664    0.153910107969    0.3900    82.0000 
32    0.559418110809    0.243508729536    0.7000    59.0000 
