1    2.254219336560    0.001165345574    1.0900    37.0000 
2    0.770463487291    0.000497835632    0.6100    84.0000 
3    0.793614668165    0.000618196024    0.6000    84.0000 
4    0.816051058429    0.000798026367    0.5800    86.0000 
5    0.837738465166    0.001061342780    0.6100    84.0000 
6    0.858865344347    0.001420165634    0.3500    98.0000 
7    0.879508059361    0.001828633747    0.3100    99.0000 
8    0.836728311028    0.000950484914    1.4900    12.0000 
9    0.858347335725    0.001054777888    1.5500    10.0000 
10    0.879223563486    0.001202456943    1.4900    12.0000 
11    0.899581936736    0.001416816739    1.4200    15.0000 
12    0.919463010345    0.001780444074    1.5600    10.0000 
13    0.938717680842    0.002053334746    1.3400    19.0000 
14    0.737243060954    0.016097490310    1.0500    37.0000 
15    0.716394200151    0.019420697546    1.2000    31.0000 
16    0.704118064595    0.027531956286    1.4500    23.0000 
17    0.623675388702    0.040989177839    0.7600    51.0000 
18    0.607962031897    0.045512202471    2.5100    6.0000 
19    0.289356255111    0.005671880160    1.8900    13.0000 
20    0.273228069602    0.006888810598    2.3600    7.0000 
21    0.260837507636    0.009284664475    2.1100    10.0000 
22    0.275459141864    0.016279515843    0.4900    69.0000 
23    0.235541964025    0.016655005216    0.7300    53.0000 
24    0.430762602900    0.006682001907    1.2500    29.0000 
25    0.417224857558    0.008018884537    1.7100    16.0000 
26    0.404076210529    0.010584598433    1.4200    23.0000 
27    0.356910680860    0.022467244381    1.1500    33.0000 
28    0.353344302376    0.028073473011    1.2600    28.0000 
29    0.592003062227    0.108549529345    1.8900    13.0000 
30    0.585515392679    0.123390247031    2.3600    7.0000 
31    0.308818639950    0.162472572253    0.4900    69.0000 
32    0.605796774933    0.252527134113    0.9300    43.0000 
