1    2.254128048489    0.001161648927    1.0800    37.0000 
2    0.770413650528    0.000493434778    0.6000    85.0000 
3    0.793554265510    0.000616048230    0.6600    80.0000 
4    0.816002550147    0.000796807785    0.6300    83.0000 
5    0.837714743054    0.001060540220    0.5900    87.0000 
6    0.858880459574    0.001417460571    0.3300    99.0000 
7    0.879523713285    0.001828300500    0.3000    99.0000 
8    0.836661219404    0.000947635132    1.4400    13.0000 
9    0.858277881281    0.001053587181    1.5800    8.0000 
10    0.879139751073    0.001200842494    1.5100    10.0000 
11    0.899509177189    0.001414647505    1.3800    16.0000 
12    0.919461110074    0.001780438802    1.5000    11.0000 
13    0.938660181703    0.002051113259    1.2700    23.0000 
14    0.735516292019    0.015311206521    0.8000    53.0000 
15    0.714132801705    0.018693169113    0.9300    45.0000 
16    0.703484773887    0.026840130320    1.0900    36.0000 
17    0.621777634043    0.040010077625    0.5800    67.0000 
18    0.610170010168    0.044811278787    1.9200    10.0000 
19    0.289255357861    0.005456869701    1.4300    22.0000 
20    0.273225706747    0.006669916124    1.7800    13.0000 
21    0.260981681076    0.009050340183    1.6000    17.0000 
22    0.275496775444    0.016257545670    0.3900    82.0000 
23    0.235771312415    0.016558607700    0.5800    68.0000 
24    0.429528868399    0.006237587755    0.9800    42.0000 
25    0.416579677137    0.007591269881    1.2900    27.0000 
26    0.403333673883    0.010148164671    1.0700    37.0000 
27    0.357854377589    0.022252370002    0.9000    47.0000 
28    0.354014826854    0.027834326691    0.9800    42.0000 
29    0.579300872449    0.110056494183    1.4300    22.0000 
30    0.565201720210    0.127150980885    1.7800    13.0000 
31    0.316265747682    0.161937668424    0.3900    82.0000 
32    0.592909410967    0.253414478699    0.7400    56.0000 
