1    2.254219336560    0.001165345574    1.0900    37.0000 
2    0.857266049752    0.000555033731    0.5900    85.0000 
3    0.877595430157    0.000665029806    0.6200    83.0000 
4    0.897405688185    0.000825334591    0.6400    81.0000 
5    0.916673222323    0.001055486908    0.7200    73.0000 
6    0.935498241552    0.001364989314    0.3100    99.0000 
7    0.953959304911    0.001713527939    0.3400    98.0000 
8    0.914269492026    0.000969049378    1.3000    21.0000 
9    0.933569703574    0.001067910123    1.4200    15.0000 
10    0.952329640964    0.001208040192    1.4200    15.0000 
11    0.970727255027    0.001408109785    1.4200    15.0000 
12    0.988610475765    0.001731030053    1.3800    17.0000 
13    1.006249642357    0.001988177428    1.2100    27.0000 
14    0.707465091122    0.015980249660    1.6200    18.0000 
15    0.691443072493    0.019089378136    1.7700    15.0000 
16    0.681841265623    0.026284971600    1.9700    12.0000 
17    0.620547735420    0.037108759962    1.0000    39.0000 
18    0.605483413279    0.041940235843    2.5200    6.0000 
19    0.301315830338    0.006132952127    1.7700    15.0000 
20    0.287597813315    0.007404020935    2.0000    11.0000 
21    0.276627169804    0.009803743577    1.6700    17.0000 
22    0.289975710210    0.015988025616    0.4600    71.0000 
23    0.255881768611    0.016821126437    0.6600    58.0000 
24    0.435533892391    0.007233538353    1.2900    27.0000 
25    0.424434140307    0.008514960582    1.5200    21.0000 
26    0.412861856104    0.010948856561    1.1400    33.0000 
27    0.375432205713    0.021467763640    0.9000    44.0000 
28    0.370143429192    0.026809575160    1.2500    29.0000 
29    0.598678933511    0.104875749556    1.7700    15.0000 
30    0.569166728874    0.119307647693    2.0000    11.0000 
31    0.363892058131    0.154255815865    0.4600    71.0000 
32    0.574890952826    0.242344593174    0.8500    46.0000 
