1    3.007143598814    0.001355249984    1.3600    16.0000 
2    0.954098058516    0.000469628929    0.8400    64.0000 
3    0.984750355986    0.000617483513    0.7900    69.0000 
4    1.014236910717    0.000844898925    0.8000    68.0000 
5    1.042661857334    0.001183909146    1.1100    34.0000 
6    1.068836274870    0.001640444512    0.8100    67.0000 
7    1.095206129327    0.002113505251    1.0300    42.0000 
8    1.047164792018    0.001056132084    1.3200    18.0000 
9    1.074860927347    0.001241714891    1.1300    32.0000 
10    1.101403187344    0.001504936406    1.1600    30.0000 
11    1.126940810942    0.001868528766    1.3400    17.0000 
12    1.151476568542    0.002393155872    0.9100    55.0000 
13    1.174689498587    0.002786148003    1.1600    30.0000 
14    0.498965774809    0.010372635043    0.5700    69.0000 
15    0.480462553412    0.011998810676    1.2200    30.0000 
16    0.465254083008    0.015984237499    1.7500    14.0000 
17    0.489550830803    0.022207842229    1.6000    17.0000 
18    0.466310022980    0.024502294310    2.3800    5.0000 
19    0.188777988060    0.003442116491    0.7800    54.0000 
20    0.180557158557    0.004054379592    1.1700    32.0000 
21    0.174462995085    0.005283351222    1.4000    23.0000 
22    0.172654232366    0.008510981514    1.7800    13.0000 
23    0.174224456431    0.008364703633    1.0100    40.0000 
24    0.290210123921    0.004369810186    0.6300    64.0000 
25    0.280636513496    0.005112069675    0.8600    49.0000 
26    0.275196634397    0.006600247264    1.0600    37.0000 
27    0.277401055981    0.012175859919    0.4700    76.0000 
28    0.286427574405    0.014685440866    0.8500    49.0000 
29    0.544404501590    0.068593807059    0.7800    54.0000 
30    0.547562740573    0.077185600882    1.1700    32.0000 
31    0.628769065530    0.086480002645    1.7800    13.0000 
32    0.606897327508    0.135734513054    1.0100    40.0000 
