1    3.007143598814    0.001355249984    1.3600    16.0000 
2    0.879640514035    0.000424036147    0.7300    76.0000 
3    0.913776068077    0.000578984952    0.7800    70.0000 
4    0.946422736853    0.000826004434    0.8400    63.0000 
5    0.977668993785    0.001206012320    1.1700    29.0000 
6    1.006769853138    0.001737925351    0.8100    66.0000 
7    1.035696992528    0.002286214909    0.9900    47.0000 
8    0.983303187539    0.001044273641    1.2500    22.0000 
9    1.013551204331    0.001244615977    1.0700    38.0000 
10    1.042464555945    0.001534341992    1.0300    42.0000 
11    1.070164308463    0.001937114907    1.2100    26.0000 
12    1.097061564499    0.002527242763    0.8100    67.0000 
13    1.122358566328    0.002968754347    1.0200    43.0000 
14    0.514739360413    0.010585800252    0.6700    61.0000 
15    0.491249082393    0.012336609038    1.3400    25.0000 
16    0.472306667301    0.016828644442    1.6700    15.0000 
17    0.503861664182    0.024052643458    1.7200    14.0000 
18    0.474777550617    0.026525548436    2.4200    5.0000 
19    0.182557936020    0.003294117483    0.7300    57.0000 
20    0.172797130584    0.003909666007    1.1400    34.0000 
21    0.165699368892    0.005174102584    1.3000    27.0000 
22    0.163687424332    0.008764897197    1.8300    12.0000 
23    0.164923372725    0.008435616925    1.0000    41.0000 
24    0.287873306000    0.004171175341    0.7000    59.0000 
25    0.276196250800    0.004956662837    0.9500    43.0000 
26    0.269726064199    0.006552138746    1.1700    32.0000 
27    0.272566813473    0.012660302257    0.6000    67.0000 
28    0.283757539977    0.015350711331    1.0200    39.0000 
29    0.550431005094    0.068807792502    0.7300    57.0000 
30    0.565933753523    0.078310432436    1.1400    34.0000 
31    0.638411063986    0.088823708733    1.8300    12.0000 
32    0.658268791947    0.140594296202    1.0100    40.0000 
