1    3.007143598814    0.001355249984    1.3600    16.0000 
2    1.024986905578    0.000519822773    0.9500    51.0000 
3    1.052705002344    0.000662354508    0.7800    70.0000 
4    1.079496882151    0.000875241063    0.7300    76.0000 
5    1.105479021415    0.001184790071    0.9700    48.0000 
6    1.129196778253    0.001590929059    0.7900    69.0000 
7    1.153332954127    0.002011568770    1.0400    41.0000 
8    1.108355834368    0.001077355413    1.3200    18.0000 
9    1.133833447143    0.001250725528    1.1700    28.0000 
10    1.158297419200    0.001494035376    1.2800    20.0000 
11    1.181897831568    0.001828385616    1.4800    10.0000 
12    1.204369028177    0.002304463083    1.0200    43.0000 
13    1.225773218031    0.002663042214    1.3000    19.0000 
14    0.482463533422    0.010289281123    0.4500    77.0000 
15    0.468221413947    0.011800704696    1.0700    37.0000 
16    0.456373158215    0.015383261773    1.7600    13.0000 
17    0.474405997743    0.020917768805    1.4500    21.0000 
18    0.457384235476    0.023074230817    2.2500    6.0000 
19    0.193399239886    0.003603696091    0.8300    51.0000 
20    0.186562218731    0.004212205310    1.2300    30.0000 
21    0.181427564275    0.005408350306    1.5100    20.0000 
22    0.180010765224    0.008337669082    1.7400    14.0000 
23    0.181856340060    0.008345066856    1.0700    37.0000 
24    0.290496930171    0.004581297383    0.6000    66.0000 
25    0.282770939136    0.005285898513    0.8200    51.0000 
26    0.278382108000    0.006684666251    1.0000    40.0000 
27    0.280080999521    0.011831433457    0.4200    80.0000 
28    0.287683841096    0.014218109239    0.7600    55.0000 
29    0.534030494130    0.068475843403    0.8300    51.0000 
30    0.528959017188    0.076344079037    1.2300    30.0000 
31    0.615223934208    0.084779313250    1.7400    14.0000 
32    0.560274118199    0.132362512989    1.0600    38.0000 
