4.075658329081647680e+05 4.078968222897993401e+05
2.107280213933445339e+03 2.109050667127473389e+03
6.742845223084133295e+02 6.751541309285059924e+02
4.610641353093791395e+01 4.663545009871722158e+01
1.121331685062559202e+00 1.662697444223659504e+00
4.821827861632306811e-01 7.853229804443773165e-02
5.787963856353128822e-01 2.511522123412102125e-02
6.095034967999966025e-01 2.463520292630230757e-02
6.263551673440485024e-01 2.402109138326543811e-02
6.412607290966141349e-01 2.373914317785258410e-02
6.534076282108933764e-01 2.325581577517682810e-02
6.614593327054233418e-01 2.240414390312975637e-02
6.589769779053383791e-01 2.148769201787765690e-02
6.666393843705775701e-01 2.177527404504742137e-02
6.703254914471682424e-01 2.148085402696135737e-02
6.777202912178512673e-01 2.175354490823261377e-02
6.766627657910140314e-01 2.134776286923922850e-02
6.958360085878999568e-01 2.154718226252924987e-02
6.966624413724755716e-01 2.189001374220434989e-02
6.906557033516147470e-01 2.233535929751014407e-02
6.949916948425111096e-01 2.231086111797511706e-02
6.927453906343706835e-01 2.208069056825509233e-02
6.872813858129047659e-01 2.200282505557599189e-02
6.928551317784089614e-01 2.237797059526252033e-02
6.854435872107403904e-01 2.268495009188124106e-02
5.855321417558774222e-01 1.976518810043697422e-02
3.679589665357020367e-01 3.077196425373775884e-02
