9.930839950727851829e+05 9.938936183532954892e+05
3.980618637811727694e+03 3.983098281743178177e+03
4.065829217786840104e+02 4.072238563830923113e+02
3.250378878392352533e+01 3.296333611782569761e+01
8.612125443061799390e-02 5.681714560683437387e-01
4.941561439623947671e-01 2.315574557318081719e-02
5.296937288502288066e-01 2.302152919907927975e-02
5.626285484617087329e-01 2.306774867567528906e-02
5.850955845839426184e-01 2.280425805903763675e-02
6.014520443722575216e-01 2.286188335327183144e-02
6.116209542063787419e-01 2.261645091179164888e-02
6.169920688097045858e-01 2.204836113456893829e-02
6.184786630404462970e-01 2.132229739732616550e-02
6.327909059626228849e-01 2.206117322773923015e-02
6.423011838994582279e-01 2.214581957540586940e-02
6.502280927244211695e-01 2.271028241293625294e-02
6.476365951417091260e-01 2.245621977423010660e-02
6.678340440326893113e-01 2.304868861993423709e-02
6.709468350125684655e-01 2.372631576971044251e-02
6.595274057570121862e-01 2.413704027067498439e-02
6.647156595815697511e-01 2.405107233745573669e-02
6.563279832018232840e-01 2.392316715023629775e-02
6.520935429477948686e-01 2.413508755203731815e-02
6.572281557873889124e-01 2.498252634137592548e-02
6.488836969830474866e-01 2.547968329020281961e-02
5.560293918219304521e-01 2.223161911471622718e-02
3.550419697656215234e-01 3.776627386518400381e-02
