4.550224940018327325e+05 4.553939956440150272e+05
6.602632660501024020e+02 6.605390573490394672e+02
5.409859647391126600e+02 5.416005651450151390e+02
4.581331098728743001e+01 4.617198184157867047e+01
2.387773470863372882e+00 2.767576305389353397e+00
1.944556413952539253e-01 2.085330392541705768e-01
4.240376966198035058e-01 2.430741577177249896e-02
4.688502558217633731e-01 2.270464279458376394e-02
4.905701763113931024e-01 2.304851496491051172e-02
5.023706686253486264e-01 2.390893624157886671e-02
5.180445368999188060e-01 2.534945024772303906e-02
5.299333587718638716e-01 2.625487447502363597e-02
5.326604374619875459e-01 2.668039041117421795e-02
5.515884981880345705e-01 2.861649839674880805e-02
5.553963818572773548e-01 2.934796789825638852e-02
5.723351378955705560e-01 3.040000524637796742e-02
5.688686878807065472e-01 3.143575442136994219e-02
5.912663942324080102e-01 3.392155531056419149e-02
6.134947907644856535e-01 3.596730647735243286e-02
6.043422878732680470e-01 3.791682994121105960e-02
6.328400341252135020e-01 4.000570945871584350e-02
6.378590291873187379e-01 4.098147532261631892e-02
6.285247039734845886e-01 4.312312087963232621e-02
6.489613695319438325e-01 4.540043895355051068e-02
6.522372811639843837e-01 5.040847227832957744e-02
5.442817114234759224e-01 4.612443347637278090e-02
4.163059324401558459e-01 8.218073488394037063e-02
