5.691310070533428807e+05 5.693119257837688783e+05
4.702362340492793010e+03 4.703370460725365774e+03
2.143653130526495332e+01 2.118144041528829291e+01
2.858349518761226005e+00 2.548124901521045871e+00
8.713447975536515733e-01 5.158594368047741963e-01
4.238901471627851691e-01 4.868778116145989349e-02
4.205139601141516525e-01 1.799763146141067013e-02
4.600206742648239588e-01 1.898233295184641178e-02
4.954614404530376937e-01 1.992857518361922445e-02
5.148905115264016397e-01 2.145637156414116273e-02
5.285665409604715093e-01 2.344436054362625949e-02
5.397888698139845509e-01 2.485843555681150827e-02
5.461166247216963088e-01 2.568019658429039620e-02
5.753969736610632379e-01 2.840840644181213265e-02
5.939882742277986516e-01 3.077417579826076041e-02
6.058046861663135552e-01 3.182949857200607913e-02
6.126388603045583858e-01 3.390155834481409225e-02
6.421604178214029846e-01 3.798408355181444318e-02
6.573363827129226067e-01 4.114081702036481714e-02
6.308610722245837632e-01 4.282764876975107132e-02
6.550078333932564112e-01 4.413740845903198901e-02
6.364299534059443264e-01 4.605128142555048321e-02
6.355506844031503233e-01 5.068966273973164738e-02
6.382285279377468701e-01 5.353106605612207441e-02
6.466014124232465354e-01 5.695866836911519376e-02
5.604499235527077294e-01 5.249595256932906850e-02
4.178185569614176198e-01 1.046729286182045415e-01
