4.183234628143999144e+05 4.184665240264527383e+05
2.163657115394013999e+03 2.164571654894914900e+03
6.925657843437687688e+02 6.931967337340944368e+02
4.737299856373954299e+01 4.790082676784543736e+01
1.152538179643787020e+00 1.708636881484894454e+00
4.957749987203623476e-01 7.962557234189199251e-02
5.953199320183166776e-01 2.153815813771120871e-02
6.271226803597623745e-01 2.117288723358552033e-02
6.446866302747027433e-01 2.095019873406962774e-02
6.602590103912258090e-01 2.114706048296333477e-02
6.730008078488111112e-01 2.100604851926065123e-02
6.815319600600758809e-01 2.047253234715704778e-02
6.792114735068798259e-01 1.972592534142761020e-02
6.873492008451320689e-01 2.041526119752690507e-02
6.913912717210307646e-01 2.027792789877269283e-02
6.992626620174609009e-01 2.060741057986575225e-02
6.984154257582267933e-01 2.017878979542328532e-02
7.184559331538332705e-01 2.055063765659492087e-02
7.195605198653397538e-01 2.102619533744450389e-02
7.136055598491746199e-01 2.145645426395044117e-02
7.183364935265096340e-01 2.124630071000300005e-02
7.162648735691086177e-01 2.104831253910619329e-02
7.108636110978530098e-01 2.083180195400395618e-02
7.168789574227842909e-01 2.114114884494983776e-02
7.094581880860925116e-01 2.141883289481424230e-02
6.062580533311245912e-01 1.873526655052408160e-02
3.811165989616710492e-01 3.158081679433512312e-02
