1.019896193471476901e+06 1.020249202821305254e+06
4.091748529056114421e+03 4.092597793712056045e+03
4.183077106495751423e+02 4.188100323740114845e+02
3.347103172133210336e+01 3.393327699465908154e+01
8.876338054386166687e-02 5.854850415383868745e-01
5.097720979472557534e-01 2.024690970792449377e-02
5.469215896972119406e-01 1.999347259780708680e-02
5.814473237072962375e-01 2.019841835210288081e-02
6.052068100571442733e-01 2.027763481131597198e-02
6.226820773545169718e-01 2.076118753451122040e-02
6.337764402081583759e-01 2.086752404945345016e-02
6.399141166559959570e-01 2.068378026392827737e-02
6.420298283947690754e-01 2.021740576036239884e-02
6.574747642331636444e-01 2.141190225658481938e-02
6.679530788841508970e-01 2.171086583943630452e-02
6.768015383964411935e-01 2.238431573172986605e-02
6.747072296337608410e-01 2.216828933548702432e-02
6.963713766347306988e-01 2.300777513238019475e-02
7.002431043169141667e-01 2.401052809750535769e-02
6.889408771210543403e-01 2.448989346033309672e-02
6.949817361842067776e-01 2.426388227667012482e-02
6.868260795227646431e-01 2.435803340623437369e-02
6.830053895654017992e-01 2.454228774981909861e-02
6.889992766408514768e-01 2.543941444930895510e-02
6.808600352844684789e-01 2.596517721529761208e-02
5.839519377921820187e-01 2.276443474774370382e-02
3.732049744989463513e-01 3.980902182121977273e-02
