5.527212435850871261e+05 5.531560000983664067e+05
4.551027519745566678e+03 4.553941516336538371e+03
2.067508696449343120e+01 2.043717051382513361e+01
2.747309747925220424e+00 2.450221144204416390e+00
8.346065675939231543e-01 4.945737634897388602e-01
4.046173848534713735e-01 4.769932427454126600e-02
4.000102280944100031e-01 2.002340335397696444e-02
4.360813262795857903e-01 2.089000843901772306e-02
4.680577731245052497e-01 2.164569479257543935e-02
4.847345227201695361e-01 2.296496393500139024e-02
4.958932447193423743e-01 2.448170931829568228e-02
5.046751384089314119e-01 2.541017083300244755e-02
5.088301586399048837e-01 2.594622061770949714e-02
5.342622412206142757e-01 2.814829343239921844e-02
5.496221688177141962e-01 3.009266100205604602e-02
5.586225457716100795e-01 3.126194442460444867e-02
5.629759386874253480e-01 3.333233446515516257e-02
5.880690005439929147e-01 3.698616325266084609e-02
5.998903641994055569e-01 3.935873128323826020e-02
5.737430089514197196e-01 4.072145545742120870e-02
5.936488519292334454e-01 4.187257200822923353e-02
5.748217747730098859e-01 4.307845730147957103e-02
5.720477108159809365e-01 4.694790459030607349e-02
5.724765944642525861e-01 4.937308966982208863e-02
5.779864179544270675e-01 5.218354571823875104e-02
4.992490646174539415e-01 4.760686239270423004e-02
3.709092223477069017e-01 9.313727274301270009e-02
