4.819920306036964757e+05 4.821588168341016280e+05
2.666383944481916387e+03 2.667370741851335879e+03
5.169462723155151025e+02 5.174151251912595626e+02
3.742472353135540430e+01 3.782618493744551103e+01
3.959608407727649437e-01 8.312350704691071623e-01
4.475698545904606696e-01 1.987121058956017872e-02
4.917215358040978868e-01 1.968744109640627876e-02
5.307640060576510610e-01 2.004897410420002080e-02
5.571920234435169261e-01 2.059447561632833656e-02
5.747309601950845170e-01 2.149277703558113289e-02
5.845860485567964115e-01 2.198010460921010281e-02
5.885860594802394541e-01 2.225338903051788525e-02
5.950164794443159044e-01 2.239409090282457743e-02
6.155226457797114969e-01 2.410434901726246984e-02
6.374256205072427184e-01 2.497012824992818694e-02
6.502001923853248933e-01 2.586267273114639317e-02
6.442753666264118273e-01 2.613246437748114118e-02
6.675882457803423708e-01 2.777674694402247971e-02
6.748039174667599394e-01 2.937732286519664435e-02
6.534189196146334977e-01 3.014254408700798443e-02
6.643023950366728769e-01 3.010907870859881597e-02
6.522852257884618199e-01 3.098560136507345908e-02
6.524878364299915301e-01 3.246110234419991025e-02
6.572801348484674788e-01 3.426742319077994564e-02
6.464202136426054901e-01 3.551723304467933884e-02
5.563915353616682991e-01 3.157005181354276963e-02
3.565260331048338838e-01 5.735091540345915728e-02
