4.612889408842557459e+05 4.614504030887517729e+05
6.710678929065283000e+02 6.710815296938442316e+02
5.512447561899350603e+02 5.516747035976105735e+02
4.680144925005327394e+01 4.715376813794861732e+01
2.445512532782962101e+00 2.833986575815356179e+00
1.996670795267840581e-01 2.140484809855449089e-01
4.365153636680265681e-01 2.295725912490595086e-02
4.838807808813389566e-01 2.116209828340159457e-02
5.075916931923908360e-01 2.201669617563906112e-02
5.211308546347641624e-01 2.354217374413452787e-02
5.387642362475567603e-01 2.556856467225889981e-02
5.525378941364659235e-01 2.711917647149536190e-02
5.568015034430747745e-01 2.804030758746690541e-02
5.780618492921041351e-01 3.047447930433672819e-02
5.835409001305488230e-01 3.167782900782195599e-02
6.028757469165850758e-01 3.295772938737240310e-02
6.007566423354268048e-01 3.422094365881103717e-02
6.260065767506997059e-01 3.702522135555761512e-02
6.512020035213980096e-01 3.951410449263160346e-02
6.431273535614172587e-01 4.157432802467092570e-02
6.751761468835616453e-01 4.373239006628161507e-02
6.822711407578176956e-01 4.539273503091976331e-02
6.740060496405380075e-01 4.792034227579580058e-02
6.977011461393192171e-01 5.083950481656689113e-02
7.030162413185810921e-01 5.622746261380968252e-02
5.881561323986641554e-01 5.159787848968539620e-02
4.510146365186043504e-01 8.972648688202342071e-02
