4.761122208866307628e+05 4.765005736858530436e+05
2.630601872779529913e+03 2.632634908113367146e+03
5.093787404472806202e+02 5.100263715656502086e+02
3.683129387269035249e+01 3.723787825911788474e+01
3.892006712077150654e-01 8.170449795717898978e-01
4.393849105511759001e-01 2.207606266928116220e-02
4.821326110968662260e-01 2.202576028987900114e-02
5.197705987286652674e-01 2.235846747367518927e-02
5.449769131611924555e-01 2.250543280753750444e-02
5.614366695810513175e-01 2.299154345704966171e-02
5.703580771113304637e-01 2.302407253881731675e-02
5.735510632912286244e-01 2.280934495714887628e-02
5.791006859135262586e-01 2.250829651868638259e-02
5.983180280705003851e-01 2.374166948337333438e-02
6.188430762664606233e-01 2.427808002122865821e-02
6.304651459064224417e-01 2.536540354001527373e-02
6.239481240435202913e-01 2.551845248884231088e-02
6.457264940873874703e-01 2.688368055355799119e-02
6.518992589201070276e-01 2.802985068134371954e-02
6.304600400316391351e-01 2.862895936508894415e-02
6.401690092824842138e-01 2.868677988707850346e-02
6.278116024102146087e-01 2.908142859401784130e-02
6.272305217706274361e-01 3.029600049940501735e-02
6.310564905707113370e-01 3.182679224946761976e-02
6.198628767542647688e-01 3.303197327123683080e-02
5.328735711193598457e-01 2.913039938544647114e-02
3.410341592195706428e-01 5.423092938390290663e-02
