1.356690735319014962e-01 2.823366865484833437e-03
1.614207454888324511e-01 4.239283310494914442e-03
1.764312179375659706e-01 4.753963901056102066e-03
1.821768064661518638e-01 5.102933148323609940e-03
1.821698125733056672e-01 4.874409722389981721e-03
1.854725680591184367e-01 4.849023549728481534e-03
1.869366379504685816e-01 4.556859209549303166e-03
1.875654125740086609e-01 4.346633255765129482e-03
1.901988204054583520e-01 4.263427474273985725e-03
1.913721598571885840e-01 4.126730016724565638e-03
1.917952648925300707e-01 4.028467689201586412e-03
1.897186480145390541e-01 3.848087537413472699e-03
1.913146506805951108e-01 3.819811990468849078e-03
1.919465094856400156e-01 3.687276940382365909e-03
1.940779593109650536e-01 3.683238968007931328e-03
1.948773564309294326e-01 3.722436653581271977e-03
1.948813043363972486e-01 3.714363409315875504e-03
1.980051738781679060e-01 3.775501459356578500e-03
1.969684697471115464e-01 3.593690243945468939e-03
1.754241013935868287e-01 3.176616797246620012e-03
2.074850763441865309e-01 3.150967204240873090e-03
