9.748184940121124020e-02 2.587505261302722442e-03
1.002589929586492068e-01 3.175636821561456363e-03
1.220227357581367411e-01 4.034010008340369394e-03
1.363567786622605638e-01 4.758504660048460538e-03
1.450336791578630269e-01 5.116811506416508309e-03
1.554220528608388496e-01 5.629730815200334644e-03
1.627237676938365629e-01 6.086441083889488832e-03
1.673306071039588061e-01 6.508280511147953792e-03
1.712896581796257978e-01 6.929838917250402165e-03
1.744703940388717955e-01 7.307860720253824688e-03
1.777959211240120463e-01 7.550805860705376606e-03
1.776655700635711432e-01 8.016047212300579997e-03
1.808539494795361469e-01 8.398476528392789797e-03
1.791737248650769054e-01 8.710767380566071180e-03
1.795405050673355429e-01 9.240806132574301210e-03
1.835416501821896806e-01 9.928965323810401769e-03
1.752396176431540165e-01 1.051763631593873385e-02
1.816368040349534141e-01 1.148224024258852512e-02
1.798627172701828258e-01 1.162475301224700532e-02
1.620417469223253693e-01 1.112896828455151206e-02
1.865019457783873569e-01 1.210203539072651768e-02
