1.356607900257104371e-01 2.830731154152554829e-03
1.614220682691308861e-01 4.250832976002859656e-03
1.764448826626083544e-01 4.774142415997203147e-03
1.822035339218178729e-01 5.124255975556032093e-03
1.822091571229465523e-01 4.899129265693710419e-03
1.855254737065268889e-01 4.876822900341237603e-03
1.870029113117492592e-01 4.581691003230227432e-03
1.876449033999796345e-01 4.373140194155244152e-03
1.902926051830188814e-01 4.280252808626931055e-03
1.914797833123256521e-01 4.145742968106983471e-03
1.919164166475721411e-01 4.058676814295211766e-03
1.898516353956150871e-01 3.885148812683635825e-03
1.914620157016062862e-01 3.871950029278258942e-03
1.921076648112186036e-01 3.772769394941239904e-03
1.942543564280038715e-01 3.794823968882001224e-03
1.950679887223506770e-01 3.876027444513387241e-03
1.950854503026944464e-01 3.878754338470900495e-03
1.982263195433479619e-01 3.971671554436884827e-03
1.972021139440083282e-01 3.850960835758204456e-03
1.756443531415639026e-01 3.499057147792006793e-03
2.077599694198034030e-01 3.658716249075886443e-03
