7.843621168457945436e-02 2.279986982515883661e-03
8.279217714287429031e-02 2.849411801192099688e-03
1.036480407159434680e-01 3.637868401439309576e-03
1.184994083973920642e-01 4.334506181796188469e-03
1.283993623071362222e-01 4.756747215363238933e-03
1.398273983803411669e-01 5.317269347438529671e-03
1.499326611742317072e-01 5.819034149532259677e-03
1.572792570312355753e-01 6.262281530917822477e-03
1.614935789835772462e-01 6.721685806557761364e-03
1.655764381367317295e-01 7.244326985340761825e-03
1.710420601373154048e-01 7.489464555505356488e-03
1.734089094759178329e-01 8.047860225585143010e-03
1.818790889931550248e-01 8.412304296158228806e-03
1.843313164320576347e-01 8.708785139044293577e-03
1.889699281815380993e-01 9.480410066779411740e-03
1.927933687023996867e-01 1.015318074891004459e-02
1.892601454712733167e-01 1.067663569802632453e-02
1.982699084202161899e-01 1.166243332818121467e-02
1.940260396148168198e-01 1.157768869219804805e-02
1.695200728769337972e-01 1.063715609645799788e-02
1.908075122828377934e-01 1.101243378680123036e-02
