1.153384645390648777e-01 2.562102250021561743e-03
1.342905183640276945e-01 3.693791737109044463e-03
1.524468445264157979e-01 4.263416309904608827e-03
1.614433849433868362e-01 4.698645660017732734e-03
1.647657486888124134e-01 4.619784997570275560e-03
1.701916730441125070e-01 4.719317123653692103e-03
1.739197377327948990e-01 4.587382095159700524e-03
1.761913353770492852e-01 4.491399553947702031e-03
1.794042397778387588e-01 4.515068040534420991e-03
1.811298433906385341e-01 4.462692088955225005e-03
1.822092847974469410e-01 4.401201178708380110e-03
1.806683267996229969e-01 4.310003766593155893e-03
1.837555791847765851e-01 4.353968936593640912e-03
1.849017685546447687e-01 4.247575986719436154e-03
1.877639620965178002e-01 4.306351155630925610e-03
1.888408890569409082e-01 4.380254757209755059e-03
1.886780522672291682e-01 4.416172306500766934e-03
1.922287255814933982e-01 4.529646930466020224e-03
1.906013407895933709e-01 4.307694267316034692e-03
1.691017568234947921e-01 3.790843971971247315e-03
1.968162826264509557e-01 3.584674077952749657e-03
