1.153590143985185890e-01 2.570388659539568632e-03
1.342867377067138157e-01 3.704631132798113114e-03
1.524111059352574460e-01 4.283938980046820763e-03
1.613722415438308411e-01 4.717638838760570240e-03
1.646591673119768007e-01 4.643783733449651126e-03
1.700464963519832395e-01 4.742445875535205614e-03
1.737355343083932802e-01 4.597859199722382009e-03
1.759684187066909156e-01 4.498203866563224920e-03
1.791402963713876750e-01 4.494468742429131788e-03
1.808260516385746808e-01 4.424579932849340841e-03
1.818661583975898499e-01 4.364086842430615377e-03
1.802909030625629572e-01 4.263902555830311435e-03
1.833338790106964211e-01 4.322270038277264623e-03
1.844393828597009344e-01 4.266653154418201775e-03
1.872557826475943210e-01 4.374786468278211646e-03
1.882909451047315441e-01 4.575093251237712620e-03
1.880897742151768082e-01 4.631363929290797411e-03
1.915898464288625092e-01 4.816799849853203516e-03
1.899286825754576691e-01 4.737452343552044955e-03
1.684702133468534702e-01 4.351959452193959223e-03
1.960407850143556507e-01 4.476437713600203011e-03
