9.835908951202690376e-02 2.504897263262788592e-03
1.121727769959650206e-01 3.377839855164032137e-03
1.316966724473564720e-01 4.021585291114343833e-03
1.429076420054146146e-01 4.544976005820230633e-03
1.488978033901867670e-01 4.624399551135353025e-03
1.563519039484261020e-01 4.873915234109770997e-03
1.624248844588207785e-01 4.929765477099055590e-03
1.663478587834394673e-01 4.980397968342748123e-03
1.699167359494803409e-01 5.162410509037864900e-03
1.719660688893247524e-01 5.259204924665258386e-03
1.739954883877521119e-01 5.290382448017152614e-03
1.734422031512849183e-01 5.374815875657705869e-03
1.788383697037749798e-01 5.530702327613250951e-03
1.811219979922451540e-01 5.508891833803777893e-03
1.851208796256232358e-01 5.715816591432141408e-03
1.862981502286394364e-01 5.864641034811529825e-03
1.860326892125641063e-01 6.001067966583812675e-03
1.906442541331558327e-01 6.259968374344983266e-03
1.881472166663918644e-01 5.971759231631979317e-03
1.655059190180016016e-01 5.284172965862431008e-03
1.901167884118650508e-01 5.213688621646231196e-03
