9.869176548749400424e-02 2.137372613322153711e-03
1.125417956811142484e-01 3.180602360498990724e-03
1.321177354812242966e-01 3.866519701688564577e-03
1.433513288909115391e-01 4.441913188365423544e-03
1.493463150601932743e-01 4.572722793202637671e-03
1.568084078469116349e-01 4.855926498321991303e-03
1.628840983568810297e-01 5.050089847261769217e-03
1.668027810715734527e-01 5.168067323456116205e-03
1.703657069052500750e-01 5.373003259492134705e-03
1.724045553990985191e-01 5.500772062975355092e-03
1.744230640512277608e-01 5.454143406422745123e-03
1.738523862552690813e-01 5.550696366882942358e-03
1.792447842880750264e-01 5.620839660061208685e-03
1.815168624297215927e-01 5.609039079391636186e-03
1.855073542760124483e-01 5.854596074701680711e-03
1.866698676870426343e-01 5.928712892227341533e-03
1.863866881506775763e-01 6.011166845414867531e-03
1.909894150313779793e-01 6.276087961351201408e-03
1.884704756646952695e-01 6.069252136374093248e-03
1.657749896000434986e-01 5.376292773248509890e-03
1.904083102854543519e-01 5.251129309790319478e-03
