9.720310303850394906e-02 2.991085860632988584e-03
9.991957357441948184e-02 3.371091971726159278e-03
1.215454920432959274e-01 4.184807076377306846e-03
1.357518309117445032e-01 4.902241509131731456e-03
1.443140755246559992e-01 5.218425739019514481e-03
1.545693330505972518e-01 5.733038149274979726e-03
1.617456270422689413e-01 6.059949919975570788e-03
1.662370440604165611e-01 6.392931057417051283e-03
1.700804625872426590e-01 6.779599555153663359e-03
1.731473671560177230e-01 7.208113299424207150e-03
1.763546065032825516e-01 7.553593510553955823e-03
1.761323595067263437e-01 8.025287909431185612e-03
1.791986531345705069e-01 8.509803742595826656e-03
1.774401642392412770e-01 8.895754980528160910e-03
1.777096107115867241e-01 9.429356494307664094e-03
1.815741289873161191e-01 1.010919333172537876e-02
1.732696503275082123e-01 1.069832714780960536e-02
1.795001923550156309e-01 1.163676541562731932e-02
1.776532190893092555e-01 1.165917994090558130e-02
1.599667465928099608e-01 1.105076975439377857e-02
1.840166106906604704e-01 1.204089234499941020e-02
