7.818569948923125013e-02 2.544469696161021349e-03
8.251700989128953057e-02 3.000064004915946325e-03
1.032901098623143360e-01 3.768823456313789410e-03
1.180748188023961753e-01 4.456000512091478488e-03
1.279226465039177141e-01 4.845734355622290275e-03
1.392901189639441650e-01 5.410913954682534249e-03
1.493371107302650935e-01 5.817372012623096486e-03
1.566341329495462842e-01 6.200741245919768989e-03
1.608102329380423356e-01 6.643793509926911728e-03
1.648543535618731959e-01 7.195923819662024788e-03
1.702739719541216667e-01 7.535394408856665484e-03
1.726077209555080816e-01 8.083873736093399875e-03
1.810152000866936950e-01 8.532633868379055700e-03
1.834318990785225589e-01 8.833646684549721281e-03
1.880233987827106823e-01 9.561217831263540967e-03
1.918027174612550734e-01 1.026018260192821177e-02
1.882631395392339035e-01 1.083532850980385015e-02
1.971997665522579601e-01 1.177605235422957315e-02
1.929536831050177315e-01 1.159199105419822171e-02
1.685612127769397506e-01 1.053452431592163951e-02
1.897035462097046987e-01 1.089667204213761072e-02
