4.583969184392270981e+05 4.584821057962822379e+05
6.521366487010916899e+03 6.526146573305217316e+03
2.219167813786575607e+03 2.222247924840843098e+03
2.571219578695904033e+02 2.595407829187186621e+02
1.520726083105814475e+01 1.726069185422794661e+01
7.711368037771030304e-01 1.070740210917399349e+00
1.454460989907429669e+00 2.850645438174567170e-01
1.294804368130319405e+00 2.750937198352381152e-01
1.141381897518229271e+00 2.717292672310894219e-01
9.667871346141287958e-01 2.734466611503751921e-01
8.594181773618527753e-01 2.762923862926225937e-01
8.023100771950971710e-01 2.778988373591402827e-01
7.787819127717646728e-01 2.747082420002505687e-01
7.866947246554172324e-01 2.758974407756004110e-01
7.399687062767659196e-01 2.725233302216709674e-01
6.672317045922450118e-01 2.755743712236656262e-01
6.587713184286185797e-01 2.771936120111021529e-01
4.832827035597742626e-01 2.808253800725510341e-01
4.457236715659369519e-01 2.832280081004208139e-01
3.953901200858959131e-01 2.876863261501918512e-01
3.436139986749967012e-01 2.909027736476111348e-01
4.274444599271053358e-01 2.961466959010219946e-01
4.322451910449938706e-01 3.006173603890658352e-01
5.190253721075742677e-01 3.064863934570259407e-01
6.686223007730465184e-01 3.084958016758736488e-01
2.015816727071076286e+00 2.724463817470796911e-01
4.571260479378491670e-01 3.369979176384936270e-01
