7.336405017380240315e+04 7.337551175850942673e+04
1.699566985178515779e+03 1.698023546414248585e+03
4.828265908929829209e+01 4.680897764883948753e+01
2.359252891475491154e+01 2.494150902123747571e+01
1.079060881525797821e+00 2.323642647852643961e+00
1.086362707471979494e+00 1.069729086299245763e-01
1.075197476691263754e+00 7.315530351967454437e-02
1.001419605372019905e+00 7.628800399911572772e-02
9.193355515641624676e-01 7.977614573420457877e-02
8.498040566017749375e-01 8.502582775571798646e-02
8.129342313674443599e-01 9.026451359626384841e-02
7.873468233376766934e-01 9.432388611425775171e-02
7.589522933785711745e-01 9.926489507712667193e-02
7.587957659336487248e-01 1.038463076732167034e-01
7.548430953215263806e-01 1.081361713918509160e-01
7.320361337333358698e-01 1.135884407685048419e-01
6.957867274275773006e-01 1.173426917607145736e-01
6.033991255203378090e-01 1.247839417438364878e-01
5.543221970920947372e-01 1.320340299626394098e-01
5.480400405355839721e-01 1.399377137759325318e-01
5.049044385157934745e-01 1.482561913783717600e-01
5.381730597379700276e-01 1.576275331300297788e-01
4.908076561968053864e-01 1.684089288371468651e-01
5.158856178304632722e-01 1.765632589997026825e-01
4.902898493918438905e-01 1.916802751336481592e-01
8.106726883684143292e-01 1.732011233485149515e-01
4.208768586740114226e-01 2.192204225668075435e-01
