9.659992210311967031e-02 2.881024182865953975e-03
9.837853588026557183e-02 3.412542144500177628e-03
1.205988221402409660e-01 4.396790605203339079e-03
1.364976845596821142e-01 5.084721382173181502e-03
1.491155224288647496e-01 5.767193181902992988e-03
1.586219025810975403e-01 6.417766318255713545e-03
1.684066866892255099e-01 6.996232609220548807e-03
1.761399278119765988e-01 7.705428764094301997e-03
1.814804843270170498e-01 8.036794822257838089e-03
1.849602184404616212e-01 8.577960691264551601e-03
1.923256433834435453e-01 9.243925850690622170e-03
2.038868736971156392e-01 1.003431891898589820e-02
2.153679852971111808e-01 1.088521962115205147e-02
2.225466379382567972e-01 1.178562927469428007e-02
2.300002025609493572e-01 1.234570297932249469e-02
2.266322706611773596e-01 1.305867466624196886e-02
2.309867355883244155e-01 1.411405050948165082e-02
2.298070644011387664e-01 1.452420523512255868e-02
2.301940051537721410e-01 1.531214380206015642e-02
2.020321190430681701e-01 1.431786181623026337e-02
2.552344111214310263e-01 1.729457577027910739e-02
