1.156159566525928190e-01 1.878132314129785790e-03
1.322335169378590081e-01 3.066141531800037259e-03
1.508142285012595563e-01 3.622522892572147251e-03
1.608496384513666000e-01 3.861321231039158315e-03
1.680154375816750589e-01 4.013739831511686437e-03
1.707708142565111387e-01 4.078609364932618379e-03
1.737243825034158751e-01 4.101154877441163214e-03
1.773933245271447912e-01 4.137583914838937477e-03
1.786591331206576760e-01 4.123469819306441533e-03
1.787460259373561122e-01 4.178764829737825932e-03
1.807064238995833294e-01 4.268240429244367015e-03
1.838613781655297763e-01 4.304699561842866007e-03
1.855702148174373234e-01 4.368566332686354102e-03
1.881023588258586565e-01 4.486315245911452060e-03
1.882398451862280497e-01 4.580310194724957276e-03
1.860861979535536059e-01 4.627113176491667174e-03
1.866629060851760502e-01 4.827875648745411259e-03
1.856392516159741657e-01 5.111092318632817419e-03
1.841592174864993270e-01 5.441737344910964683e-03
1.649477236657642676e-01 5.450861154142384174e-03
1.942746608501533245e-01 6.641432821292171489e-03
