7.756651177556400656e-02 2.433701054663389186e-03
8.088025786359158420e-02 2.988994359721113166e-03
1.014541179913463487e-01 3.920453825144588032e-03
1.181563733856157844e-01 4.635025482703683530e-03
1.322437357041209571e-01 5.397092870983198794e-03
1.429159165594739433e-01 6.114860824905493479e-03
1.518565155619888418e-01 6.771921223350995875e-03
1.605156824141172334e-01 7.590362981856589759e-03
1.676818810231208157e-01 8.038096446161827752e-03
1.712036617485263312e-01 8.710590063235278818e-03
1.792326249960424500e-01 9.514715223368021974e-03
1.888565109347654092e-01 1.033881320734777835e-02
1.976532495056855243e-01 1.109083117950366085e-02
2.060266377846689534e-01 1.217390437076277393e-02
2.132310460608960456e-01 1.283174979880301152e-02
2.119195035005514705e-01 1.363162468744029410e-02
2.166940903150512687e-01 1.485081705208897776e-02
2.181999997608311814e-01 1.537992911297497191e-02
2.187155478516448481e-01 1.628039481858623017e-02
1.897529085684024619e-01 1.502460260119057277e-02
2.301642643817534140e-01 1.756259611519547445e-02
