1.015604003789597198e-01 2.690989989301533457e-03
1.141145528132536807e-01 3.671268344914801682e-03
1.353560055834292508e-01 4.488754333323464497e-03
1.494076335104268238e-01 4.978428017404346213e-03
1.603992084241985527e-01 5.458875236535994102e-03
1.663226839751021091e-01 5.785261069011898502e-03
1.714341108168500327e-01 6.047407772139525364e-03
1.778733969821902072e-01 6.396524177564100362e-03
1.817170294724297641e-01 6.366574686668687900e-03
1.830461296938351856e-01 6.574360083081143974e-03
1.871628662012675692e-01 6.776540274538610763e-03
1.929729042522229099e-01 6.964812144811154300e-03
1.968171594063346796e-01 7.018062809624844856e-03
2.020566431762497450e-01 7.439050285889978360e-03
2.044623748433297139e-01 7.494582632210667998e-03
2.040449830038337520e-01 7.664322872824280188e-03
2.075659954281781072e-01 7.951669765368565151e-03
2.086372803076015081e-01 7.982043680849230591e-03
2.089234244965091636e-01 8.075465371741155640e-03
1.882813862848823072e-01 7.351704518148654763e-03
2.197985762638199336e-01 7.750459077993730739e-03
