1.364631611257262622e-01 1.975028028569698890e-03
1.598954786206970013e-01 3.488604494110461498e-03
1.761669369737993152e-01 4.020698735586061313e-03
1.827911766732981114e-01 4.156756262425508573e-03
1.869445110826568335e-01 4.218914556136110945e-03
1.873666106193634107e-01 4.155905236457275304e-03
1.891704341748723928e-01 4.057270696874023738e-03
1.915582324245676538e-01 3.968444052434685725e-03
1.916807506353197244e-01 3.829864780143498078e-03
1.915283869100530001e-01 3.745956482906345926e-03
1.927973012861714519e-01 3.726019893625531331e-03
1.953027568514740797e-01 3.639337481804178452e-03
1.966545409520575882e-01 3.624787700960567342e-03
1.988573136297727140e-01 3.640556312706762047e-03
1.986902894498583927e-01 3.692541075736504880e-03
1.961415056576923943e-01 3.689222328520573406e-03
1.959366475067093605e-01 3.835165444912781284e-03
1.950147776378906295e-01 4.020894832092404211e-03
1.935637256441629372e-01 4.285084342204694037e-03
1.736263227409499676e-01 4.261086849919183510e-03
2.063577787529045915e-01 5.271573969787976370e-03
