6.761909943368891174e-01 3.187331067709486820e-02
1.742043813711278422e-01 9.832822021597594983e-03
2.848548770894503979e-01 1.481637484703991932e-02
3.483312699279257352e-01 1.876066278921112787e-02
4.041776070979640201e-01 2.204447834854495955e-02
4.413059045472967901e-01 2.389729598375318204e-02
4.725946935019444961e-01 2.636042408065811943e-02
4.985250469316296340e-01 2.801862538925237525e-02
5.080439868979665929e-01 2.945295043556562728e-02
5.215873031087238099e-01 3.120765577888062747e-02
5.314031465275881327e-01 3.180068663992292877e-02
5.553682091233584917e-01 3.453373404096721916e-02
5.777463797394475353e-01 3.600420525422372287e-02
5.745559513306088828e-01 3.729362113731259781e-02
5.771548841755927972e-01 3.997493132515687886e-02
5.757200339921496601e-01 4.328091977400914253e-02
5.924497704853898261e-01 4.580206085616669170e-02
5.893026950178765766e-01 4.668164899144826296e-02
6.056981997680225271e-01 4.991888435605267710e-02
6.487126404532346235e-01 5.480948236211578839e-02
6.004310163370764064e-01 5.665069559704307561e-02
5.802624379881869965e-01 5.702717168258497615e-02
5.847478563622868775e-01 5.938570786312839106e-02
5.254036518047243698e-01 6.283304143477543013e-02
4.814869946618640095e-01 6.546526965458587810e-02
4.613386864703729051e-01 6.087293701204012086e-02
4.682399275115609605e-01 1.412847483895252609e-01
