6.748708595809342903e-01 3.147913976670956016e-02
1.735476778945056475e-01 9.763009885520979036e-03
2.832642930354848931e-01 1.450419717520227969e-02
3.457554832991195926e-01 1.809056149904798849e-02
4.004583018236261838e-01 2.109817648498141934e-02
4.364487269680809578e-01 2.256893659716530109e-02
4.665420287886535289e-01 2.437568209873498121e-02
4.912441092945042387e-01 2.529236302891567367e-02
4.997124018994557049e-01 2.630465461988863718e-02
5.120993955033845690e-01 2.751772657068224728e-02
5.207866150627701307e-01 2.810768032567758853e-02
5.432817893258197195e-01 3.032287217520773445e-02
5.641437805902488334e-01 3.206209399436220353e-02
5.600068497975779769e-01 3.336970614384981992e-02
5.615156005762863556e-01 3.582615381239552532e-02
5.590996671965436926e-01 3.899779175175827062e-02
5.742987444343129466e-01 4.177923370680285825e-02
5.702078584146388351e-01 4.173032426402985273e-02
5.850048866173420681e-01 4.541423451699119068e-02
6.254088337058211211e-01 5.051343192132877469e-02
5.778075456628327666e-01 5.251941608817957408e-02
5.573820632756463223e-01 5.297231615855852588e-02
5.606677924083998121e-01 5.479229897135269589e-02
5.028500494985318481e-01 5.923859493695387418e-02
4.599794303281395935e-01 6.325634251274556141e-02
4.399285676341330720e-01 5.732198386642664567e-02
4.456964486798677405e-01 1.349215573966801585e-01
