8.815357659772676824e-01 3.870509468487017685e-02
2.451871915586262274e-01 1.206379225146102241e-02
3.839413727259576303e-01 1.738201955525115958e-02
4.471283471439290169e-01 2.069117689338977398e-02
4.983081560614509020e-01 2.261557376035379374e-02
5.303790062441303688e-01 2.333118000620213600e-02
5.652307008043111480e-01 2.475487559201292043e-02
5.836393439291797103e-01 2.496307151897808607e-02
5.888724754060511435e-01 2.482297044852218790e-02
5.889556789760297395e-01 2.461168665860591354e-02
5.926213550671707297e-01 2.386557431769008655e-02
6.127530160077574450e-01 2.439685600112796726e-02
6.410938848326747097e-01 2.485584016029600621e-02
6.438815731852297608e-01 2.502114657053930435e-02
6.400691824572094513e-01 2.601787305361768013e-02
6.472160334350394173e-01 2.667008988976302120e-02
6.657635709113068900e-01 2.727966886062981391e-02
6.635268312330770968e-01 2.763754008323122263e-02
6.792520596618316642e-01 2.866767599324089588e-02
7.039415008645882876e-01 3.069217254096693118e-02
6.951932371744964367e-01 3.079281619981654936e-02
6.842614703689426925e-01 3.086767192636027599e-02
6.792549798739934142e-01 3.129638323698414465e-02
6.479007950541968430e-01 3.178701391425679118e-02
6.312912592405702794e-01 3.196004307988582760e-02
5.602203413049128278e-01 2.788351096605144394e-02
4.500413013503217763e-01 6.368552693482631977e-02
