1.025175002670090985e+00 4.312898296404911458e-02
2.954938392190332719e-01 1.365499711861699154e-02
4.512076253620351807e-01 1.932309906071028385e-02
5.105994604402386283e-01 2.255645116867779215e-02
5.576331288373852502e-01 2.413342274064252460e-02
5.898615868052372591e-01 2.435508012516912971e-02
6.252669653944077366e-01 2.522241493527167117e-02
6.377363035911508549e-01 2.464156513049236413e-02
6.417015594720113514e-01 2.438776029720460259e-02
6.412517224444100883e-01 2.381923188854711410e-02
6.443373313944935621e-01 2.327092362875244486e-02
6.571129824487212945e-01 2.273818780021675048e-02
6.816132918161218468e-01 2.227886352451264457e-02
6.889950352924456567e-01 2.216298702127097661e-02
6.821491725984469845e-01 2.222523749455929121e-02
6.826730199967487867e-01 2.217400161342909792e-02
6.912637871021620750e-01 2.161175230357365723e-02
6.859649283711319878e-01 2.120575089965901286e-02
6.936875976251483111e-01 2.118012324221893797e-02
7.108781640689464387e-01 2.201689185365615295e-02
7.089280669719240091e-01 2.200870161627207708e-02
7.057108125441460267e-01 2.167733335988560398e-02
6.983186356163241237e-01 2.164341775647267083e-02
6.722894864800915693e-01 2.146742861115460282e-02
6.610633645425501026e-01 2.158411635914952650e-02
5.743693826531220958e-01 1.845604805236482349e-02
3.968142640328713444e-01 4.380235098843800884e-02
