8.408409452029576014e-01 2.622325746962181001e-02
2.348716992402577475e-01 1.018872886470474637e-02
3.693659183159681558e-01 1.441068827140151200e-02
4.319993640259479073e-01 1.695625893727486025e-02
4.835127102933570731e-01 1.844860638792130900e-02
5.168389327632147978e-01 1.937147033293464687e-02
5.531636515051060465e-01 2.156166547129389002e-02
5.736294620293056479e-01 2.234396687988219471e-02
5.812555864874815459e-01 2.251332408964883125e-02
5.838314616805384549e-01 2.331755133657180054e-02
5.899852774345889506e-01 2.281383023695196521e-02
6.126442065441007889e-01 2.417472291487857139e-02
6.437296365824851652e-01 2.512790288001609529e-02
6.493021821781591596e-01 2.556198710830058160e-02
6.482264977933280825e-01 2.577516738449888573e-02
6.582761584010575762e-01 2.670691914233979183e-02
6.800453614168253669e-01 2.773346330116919015e-02
6.806680102846851543e-01 2.872067819175859807e-02
6.997885162891894772e-01 2.916456339631767411e-02
7.283353907607083011e-01 3.067470812104858974e-02
7.223694629075640972e-01 3.104660037969726727e-02
7.140603565682777099e-01 3.133046117328455726e-02
7.118765114510774428e-01 3.173767881350125081e-02
6.819292854036955731e-01 3.279806209979593823e-02
6.672976588641298390e-01 3.322828297575833312e-02
5.947133602402906449e-01 2.894042961303167766e-02
4.797999400492355959e-01 6.837571348551271799e-02
