1.187645164226494687e+00 4.995821057306795016e-02
3.603010958951939902e-01 1.634177211720408418e-02
5.330574495138027391e-01 2.266458431125429815e-02
5.841714801889955622e-01 2.564569916346895809e-02
6.247531145941243036e-01 2.679533788004493863e-02
6.561657160714101655e-01 2.662117837516193505e-02
6.905500196512540656e-01 2.720382829777483885e-02
6.920750079987667558e-01 2.613519484967483791e-02
6.946157854041334900e-01 2.548615365673495559e-02
6.952782484021666765e-01 2.461595111848386211e-02
6.980373988420474074e-01 2.444469931819675396e-02
7.013539556143219000e-01 2.333874987674609824e-02
7.218344293725315053e-01 2.231017807148284043e-02
7.284433309883099339e-01 2.221754636003437852e-02
7.198484897852838182e-01 2.161417789879924861e-02
7.196480554097959281e-01 2.106854192731742043e-02
7.237263770964048604e-01 1.986949267578361558e-02
7.147582313928774189e-01 1.925533456834446072e-02
7.214839128461209006e-01 1.878005407636363505e-02
7.342754715543120536e-01 1.906949307797416171e-02
7.374701473554494680e-01 1.899509682691549392e-02
7.353866589184815394e-01 1.848552981972071199e-02
7.285317650489635533e-01 1.810452922179860147e-02
7.086328694342635126e-01 1.764613685788883959e-02
7.019504294247388421e-01 1.727324811498254925e-02
6.031459373493099907e-01 1.477142645914139400e-02
3.892893393555106329e-01 3.552877756235046924e-02
