7.772775881419958788e-01 3.513272791125500449e-02
2.032330831247764757e-01 1.093244104196281624e-02
3.252818796896662645e-01 1.624556485325515456e-02
3.815643989418001647e-01 1.966335654484511683e-02
4.329678913921587990e-01 2.273144514796201360e-02
4.749912307915872267e-01 2.417402499150112655e-02
5.106768692291755452e-01 2.550720533941623278e-02
5.264691159041094970e-01 2.617696828623575916e-02
5.379291853578849203e-01 2.739280023496872343e-02
5.632040240228787242e-01 2.825815051974482281e-02
5.761168879593808745e-01 2.982580440732523000e-02
5.782982048998566160e-01 2.986630816527462498e-02
5.939703388102696158e-01 3.056374609737625217e-02
5.939595624112348204e-01 3.104579700318755089e-02
5.877028251539213599e-01 3.276191327531655789e-02
5.898117201285996147e-01 3.476345343370264990e-02
5.864764987457118384e-01 3.680435422514266586e-02
5.813092474617811423e-01 3.831791959694790667e-02
5.863584045939117528e-01 4.099491621584050449e-02
6.138182388462700700e-01 4.367040173926294705e-02
6.126394240233803412e-01 4.525542640525393595e-02
6.018773154654980528e-01 4.730288349749878218e-02
5.909962564447602817e-01 4.725819020079603805e-02
5.477506076009739377e-01 4.752546407712959081e-02
5.381635685081257447e-01 4.971645422162749434e-02
4.990498517592427130e-01 4.523923746744346747e-02
4.644000962341174876e-01 1.090006801806969600e-01
