9.772058507050112031e-01 2.824228093908985257e-02
2.826975567477884033e-01 1.138650355237318806e-02
4.332470645833524925e-01 1.558733212654984414e-02
4.920680008092086499e-01 1.792915598960511184e-02
5.393602212516787064e-01 1.913744183357935988e-02
5.726193700672965736e-01 1.962381371541103980e-02
6.092099365205956296e-01 2.139934270627981763e-02
6.236317363273825576e-01 2.126701521579731427e-02
6.298044668957152314e-01 2.122073846441696610e-02
6.316649225156603098e-01 2.178676977524206596e-02
6.370258906765319251e-01 2.136329820188386311e-02
6.520327519644267822e-01 2.164814868989287100e-02
6.788174349175536415e-01 2.193802566030768689e-02
6.886786253897058119e-01 2.204115503393823047e-02
6.843297838275930189e-01 2.134801781246367311e-02
6.873602268060465814e-01 2.145568509529544379e-02
6.985556980325982046e-01 2.122763917087459873e-02
6.957363893523782483e-01 2.165093846744949729e-02
7.061424351016379886e-01 2.106411974955792188e-02
7.262884357688823567e-01 2.148367581482628699e-02
7.269452440626368306e-01 2.164105724724405683e-02
7.262930265017237819e-01 2.146911981116273599e-02
7.213139122244212054e-01 2.133447873050260332e-02
6.969675691639648507e-01 2.156575938193654868e-02
6.878360190025492038e-01 2.182080694001634416e-02
5.998168749176460146e-01 1.844902779179025121e-02
4.159108474692207458e-01 4.634772319908145310e-02
