7.799470837209419027e-01 3.555927379298103042e-02
2.045724034783537315e-01 1.106856092218154453e-02
3.284552151640831030e-01 1.663885663494683170e-02
3.864984770419681581e-01 2.038379073475125869e-02
4.399459048517691540e-01 2.381447731730890541e-02
4.841643739225621190e-01 2.570997853375214109e-02
5.221762008203557626e-01 2.782228981560514250e-02
5.400170042798099201e-01 2.903387244763389746e-02
5.535072228386322957e-01 3.087753891746494728e-02
5.813364884992496817e-01 3.263228051932813567e-02
5.965352186258606748e-01 3.427950341449770982e-02
6.006769626040650012e-01 3.485374487199566218e-02
6.188958049052513122e-01 3.595915023024353480e-02
6.208308770056260029e-01 3.635994679310913108e-02
6.162229336528544099e-01 3.831718572848285403e-02
6.203790535774368342e-01 4.124105928316199043e-02
6.188109506840060448e-01 4.214718873493086826e-02
6.152877341985178994e-01 4.278733524603619415e-02
6.225838190979282594e-01 4.444313206057626253e-02
6.537897575103928105e-01 4.702360568689644554e-02
6.545863026501168580e-01 5.043002331911700803e-02
6.451097368414746569e-01 5.396199644401263734e-02
6.354391967646757511e-01 5.411794979871119293e-02
5.907936076097197731e-01 5.418028289409173442e-02
5.822786454601501793e-01 5.624714522172082065e-02
5.416567361641315692e-01 5.270612630949066124e-02
5.056338817137252528e-01 1.180797770839176614e-01
