5.991626660570602481e-05 2.210058042056615123e-06
1.833045256895232420e-05 8.444520688753489463e-07
2.721605770671238592e-05 1.086379039783827745e-06
2.930920803894981641e-05 1.158061041289179800e-06
3.116895064308755511e-05 1.170257669843983748e-06
3.285925094569279253e-05 1.196646094354833991e-06
3.435356424981343226e-05 1.248760067225563919e-06
3.457136487593331220e-05 1.225567837638997921e-06
3.466896615436023830e-05 1.205850371625278065e-06
3.513576171384759735e-05 1.222960883418698617e-06
3.506832797882791097e-05 1.198384907075061757e-06
3.565164186626669529e-05 1.193572635059919577e-06
3.655997847035296608e-05 1.192216818730760115e-06
3.704102973360859412e-05 1.180061948971295188e-06
3.672048268394871942e-05 1.120150712916374052e-06
3.684769292132760403e-05 1.096336376835112247e-06
3.724092483780754227e-05 1.066091876252122548e-06
3.685561456512383979e-05 1.037910335020797999e-06
3.742969171561756815e-05 1.004506275963114234e-06
3.818817260369856709e-05 1.016162326180197612e-06
3.879151309644354246e-05 1.036998936425602014e-06
3.893045772673494123e-05 1.028105872309514594e-06
3.919453911800720609e-05 1.018232586879094934e-06
3.897718939691005070e-05 1.035984860079702032e-06
4.061544923827414057e-05 1.067675834668595469e-06
3.952823913523287455e-05 1.024253701604483959e-06
3.333476391064759851e-05 3.109581853089334422e-06
