7.053696980661494642e-01 2.030566306737782017e-02
2.129970785481046236e-01 7.935323667822621191e-03
3.042678377798785361e-01 1.049962324383802922e-02
3.415088521348694783e-01 1.179488118104552938e-02
3.666725065265310501e-01 1.234462196749522810e-02
3.980995374459355696e-01 1.288782034763650587e-02
4.213800414181007592e-01 1.317557809734133320e-02
4.313214743695871212e-01 1.325806752763898991e-02
4.397938451504939117e-01 1.328260295889346909e-02
4.429020627450022674e-01 1.347505918952878780e-02
4.417375858146815881e-01 1.313184667788166657e-02
4.509967445567339417e-01 1.324345192419014439e-02
4.671186115551751450e-01 1.371242440935811248e-02
4.732514222906565871e-01 1.374436056292732168e-02
4.881271395569239391e-01 1.392309799367647677e-02
4.946745966875535361e-01 1.425374609509377256e-02
4.904547021773559279e-01 1.458067858007504151e-02
4.975155873591641797e-01 1.494360493629295038e-02
4.988069699910884225e-01 1.434355954543812747e-02
4.466146007370408455e-01 1.258611618927544390e-02
3.104082816451356197e-01 3.069910753480445051e-02
