5.245486579104761127e-01 1.724618987274608231e-02
1.459633263729710750e-01 6.427556696545829763e-03
2.237893518465788045e-01 9.002614642549861337e-03
2.662339138889293633e-01 1.099913950008747469e-02
2.954282135605058590e-01 1.220984534751626271e-02
3.301076122886139608e-01 1.386440097374438789e-02
3.524669934338564570e-01 1.507882551073872444e-02
3.657593758906061976e-01 1.622550605621312508e-02
3.873393908910022221e-01 1.769044725008179011e-02
3.993083945396804224e-01 1.946440441051336401e-02
4.173782845137625763e-01 2.021580581432256066e-02
4.349534865681202733e-01 2.142271752113729041e-02
4.649200574211312942e-01 2.310349288461082881e-02
4.867383989372365827e-01 2.430194908063352047e-02
5.092855468728818558e-01 2.600481148359786235e-02
5.228685059224588150e-01 2.842416190416422253e-02
5.023754116017227211e-01 3.051744806670351681e-02
5.138206780943398444e-01 3.392812931303677837e-02
5.260557436777441032e-01 3.433255692424603406e-02
4.518699519053860358e-01 3.255803731732920259e-02
2.832548794433175088e-01 6.554846941215998479e-02
