6.167970566691471923e-01 1.823263931004983143e-02
1.767571292652106163e-01 6.949856382964920976e-03
2.634054993311322757e-01 9.543833831055347633e-03
3.017260242897252809e-01 1.105492871219971793e-02
3.300425468888864011e-01 1.202532317877343625e-02
3.640415598667986474e-01 1.280937651098008716e-02
3.927343592470542988e-01 1.369429497748806540e-02
4.136759623763274218e-01 1.431903931441279483e-02
4.213600948104396227e-01 1.469012232572422007e-02
4.249674780449795852e-01 1.545218853542769041e-02
4.265926185363596579e-01 1.563681624715150889e-02
4.373401800810661211e-01 1.625239063686018115e-02
4.494992233179275209e-01 1.742669233581071661e-02
4.545585147822612249e-01 1.790455562743771198e-02
4.742310778233406188e-01 1.897594481817768339e-02
4.936475249056654357e-01 1.995240319150401800e-02
4.832649922940507325e-01 2.073034217511919575e-02
4.864361929929002515e-01 2.179077276656289641e-02
4.752403649359333571e-01 2.104615531827210007e-02
4.204920075486376918e-01 1.901130991815460150e-02
2.576573308407528740e-01 4.336471329657222429e-02
