4.663862029900996964e-01 1.304129772666982184e-02
1.245753417508343036e-01 5.468596793424439044e-03
1.977973067558205233e-01 7.742717401990556816e-03
2.404089678050650991e-01 9.572307231051152554e-03
2.734214610926642974e-01 1.118307379711497469e-02
3.138253369045037044e-01 1.287592382963044513e-02
3.527858538962522217e-01 1.488919563909867419e-02
3.853193551849363740e-01 1.665306077039104340e-02
3.937663236122431742e-01 1.806037816721705463e-02
3.955961399333222106e-01 2.027217628493161936e-02
4.028472957662723730e-01 2.140923289139999228e-02
4.207419823370899814e-01 2.313716714860866372e-02
4.469558893648828968e-01 2.549470414675672827e-02
4.698494291112095822e-01 2.754976143828185078e-02
5.033489813389034895e-01 3.112212980015852115e-02
5.373495669045269540e-01 3.373413681067773118e-02
5.299484666889846540e-01 3.666236242383379140e-02
5.335606208910977921e-01 4.154602502175525763e-02
5.261441097680994439e-01 4.117323037483256593e-02
4.598887976158735347e-01 3.798985092295228960e-02
3.485314740163623082e-01 7.276174694158332734e-02
