4.640012035039441929e-01 1.522826376734206719e-02
1.238263470368506924e-01 5.573456782341447771e-03
1.964304940193759841e-01 8.022266250009043101e-03
2.385320606365629315e-01 9.868844733298661256e-03
2.710417901577499289e-01 1.133107284469015222e-02
3.108130336322968978e-01 1.295355755198799100e-02
3.490839986129066763e-01 1.471683161844689752e-02
3.809317445374130751e-01 1.641182304457244542e-02
3.889309217045324729e-01 1.779694577352326779e-02
3.903853471715085788e-01 1.999548354543442819e-02
3.971819255112412628e-01 2.140157614737832684e-02
4.144502769789643604e-01 2.306234914192135596e-02
4.398745248707918720e-01 2.559890811314763023e-02
4.619876980859536908e-01 2.745476829270062855e-02
4.944796952254967848e-01 3.048531086723080610e-02
5.274043812003367249e-01 3.292127922359260744e-02
5.196704606001703031e-01 3.559204223199353978e-02
5.227399856251436772e-01 4.045123783236286019e-02
5.150082976085276210e-01 3.986439299165231431e-02
4.497486883128431479e-01 3.659099867449506355e-02
3.405388293990617710e-01 7.160896201095599822e-02
