8.060283877402703023e-01 2.414260755662227600e-02
2.575103723187059379e-01 9.666628724487331265e-03
3.521537011419854091e-01 1.229332346614007108e-02
3.853284486035439271e-01 1.337460389500534988e-02
4.054957952808205257e-01 1.369842258384456821e-02
4.312063300399364696e-01 1.413300003804270587e-02
4.483171367019244125e-01 1.400176281081449807e-02
4.490032501114289976e-01 1.364750509458486673e-02
4.622672200533666231e-01 1.361743152061788142e-02
4.662820039993511578e-01 1.348156132688665791e-02
4.657386775003248269e-01 1.295212788140441204e-02
4.761644954393546847e-01 1.291839475861450599e-02
4.932903007882082913e-01 1.291654806753058000e-02
4.974687352231603188e-01 1.269671785329518250e-02
5.072922739543209714e-01 1.250067868764826069e-02
5.077424602109738005e-01 1.280410954278511648e-02
5.067646983491777002e-01 1.285500844102168208e-02
5.166455052194691699e-01 1.287721037284841365e-02
5.239222907163570975e-01 1.266877028585665019e-02
4.682652332353356428e-01 1.117608960224618538e-02
3.196935247750400388e-01 2.625473314021081750e-02
