8.058079396808840444e-01 2.406468120930477933e-02
2.573642267921064097e-01 9.644442450616319898e-03
3.518503279265671746e-01 1.223126101349358147e-02
3.848832632016884747e-01 1.328297967724367985e-02
4.049081855747057035e-01 1.355600591949954713e-02
4.304548228415621125e-01 1.395522177712419341e-02
4.474041822571455662e-01 1.379605245556303483e-02
4.479571092911939778e-01 1.340663533770931719e-02
4.610545328293751410e-01 1.330521015551015124e-02
4.649220043535547964e-01 1.318000561846121091e-02
4.642436818805129040e-01 1.264486831544301033e-02
4.744964364623163178e-01 1.253553161560731072e-02
4.914176728577083209e-01 1.252059920779098959e-02
4.954344880889237634e-01 1.222635804175357943e-02
5.050692648529896411e-01 1.196649346011718039e-02
5.053687986299012502e-01 1.218925636574510162e-02
5.042472579809352817e-01 1.224529011030222984e-02
5.139277824800566608e-01 1.220804156647436155e-02
5.210130074794913080e-01 1.178487146208084292e-02
4.655280490077447486e-01 1.023094736928968108e-02
3.177313206814889046e-01 2.617760459847258414e-02
