5.273608422073650104e-01 1.474766618369080171e-02
1.469123765015304395e-01 6.285449899765733518e-03
2.255000194032191208e-01 8.699827780043644515e-03
2.685734480890814568e-01 1.069851862462538154e-02
2.983624739197565656e-01 1.204963213653885250e-02
3.337646239806561499e-01 1.384170802710868453e-02
3.567760978805630812e-01 1.532623732999742472e-02
3.706511039390686935e-01 1.646979743231046997e-02
3.929651425717929913e-01 1.792693252734450446e-02
4.055676783604350022e-01 1.990155053216803929e-02
4.244018604972852327e-01 2.064151710739390785e-02
4.427746810648282572e-01 2.184082133679959153e-02
4.738171522816096437e-01 2.379865000734295716e-02
4.966159201106014054e-01 2.521026655623481369e-02
5.202102593838220379e-01 2.696901724416642457e-02
5.346906357489988881e-01 2.940621790312731437e-02
5.143171457538385782e-01 3.149357673405823316e-02
5.266313860961455706e-01 3.488286416783522442e-02
5.397833202940609532e-01 3.580220171991583406e-02
4.641877654322333902e-01 3.394004231681455042e-02
2.913064895035459845e-01 6.669733521286366762e-02
