7.084502156509774329e-01 1.644309452160614207e-02
2.139245631611056409e-01 7.614072246217237945e-03
3.055888643637017510e-01 9.911387489517829719e-03
3.429871983841442651e-01 1.126329665372917573e-02
3.682550930388432953e-01 1.197008516313141820e-02
3.998126736871438491e-01 1.263658125740514671e-02
4.231879709049256033e-01 1.327299458892471605e-02
4.331665410315183040e-01 1.329123642532064643e-02
4.416695293339629180e-01 1.340755498338152586e-02
4.447853387435398709e-01 1.379847122325477196e-02
4.436102607993776537e-01 1.332558685429049983e-02
4.529029043918305630e-01 1.338760580866290607e-02
4.690869372882668364e-01 1.362915884451414150e-02
4.752395378985846963e-01 1.380799994409520615e-02
4.901715051440904691e-01 1.425178843358262080e-02
4.967400580872181615e-01 1.441403080854708474e-02
4.924962717667495937e-01 1.469207856689780205e-02
4.995801863268470866e-01 1.508413859759989359e-02
5.008705492247141899e-01 1.468566774808652449e-02
4.484565473621172083e-01 1.275918377611556624e-02
3.116845110737942459e-01 3.049836219399830115e-02
