6.196127459796131332e-01 1.512014486512229007e-02
1.776020061950606410e-01 6.737182083726536534e-03
2.647211513048228215e-01 9.091791351660643422e-03
3.032979345407134097e-01 1.065681041250197796e-02
3.318329360475365530e-01 1.175411470767197784e-02
3.660946681440327977e-01 1.263438190756298839e-02
3.950337602359220712e-01 1.381708974525714360e-02
4.161869687331343215e-01 1.441957453458370293e-02
4.240084116364154498e-01 1.495733613935396229e-02
4.277299315643826594e-01 1.587082565063990119e-02
4.294574692101460478e-01 1.589562240042792160e-02
4.403713746035316512e-01 1.659967569648562388e-02
4.527114975232772176e-01 1.745055701352225472e-02
4.579048605670212879e-01 1.806986323477624556e-02
4.778244237498691649e-01 1.948990174900897682e-02
4.974943750190474190e-01 2.036941714168600398e-02
4.871351009981721436e-01 2.111055303967097896e-02
4.904365700639073400e-01 2.217692387882884766e-02
4.792511499750185533e-01 2.154512673104626644e-02
4.241314387370712646e-01 1.938382394111237000e-02
2.599429846382630416e-01 4.341236273009245472e-02
