1.872122513479596573e-01 3.097156358993620635e-03
2.027336720427966865e-01 4.436617054791816388e-03
2.415931571865947147e-01 5.755005156186614526e-03
2.514592759776476671e-01 5.855765516727229336e-03
2.643119742070261236e-01 5.951602138059527633e-03
2.713121135330732736e-01 6.259395940273936899e-03
2.780303676212890207e-01 6.524536700559592159e-03
2.814102352602401713e-01 6.467389789476549709e-03
2.853808801338317269e-01 6.401844680122575730e-03
2.878787240422316374e-01 6.438557992815860907e-03
2.938139876938458683e-01 6.439422947730388293e-03
2.967934643227841951e-01 6.346593961872032744e-03
2.994100918496344632e-01 6.232632353755850237e-03
2.992695109903828476e-01 6.087106240481908806e-03
3.027568070251823729e-01 6.008266936810001055e-03
3.049439868650611341e-01 5.947061253697115413e-03
3.065326721386717468e-01 5.757632619284775745e-03
3.055623016543544956e-01 5.738370932326384947e-03
3.081777868346446403e-01 5.552389567213469358e-03
3.090609015242107294e-01 5.655386766214394109e-03
3.102864291444166200e-01 5.886089534852015706e-03
3.087692820728175080e-01 5.958484820596181286e-03
3.088251605660360943e-01 6.062965223214334190e-03
3.091790307240631641e-01 6.400510455515768214e-03
3.118948716202601390e-01 6.493833249033652277e-03
3.115625065588531473e-01 6.380887908603095557e-03
3.082805678893653645e-01 6.324910397966028615e-03
3.058954502104976880e-01 6.250679523488443003e-03
3.019792845634673983e-01 5.876046834182071729e-03
2.553809493330267966e-01 4.942324722755896474e-03
2.958586924768087933e-01 4.872245682569591868e-03
