1.839607101853142912e-01 3.921503315150085510e-03
1.861124428417509913e-01 5.126990177240887438e-03
2.256161638677896542e-01 7.405239174695798718e-03
2.366502488985254005e-01 8.722987182477199772e-03
2.509856085532022885e-01 1.054708065915749109e-02
2.585518599235497872e-01 1.234989303704873108e-02
2.665517868260839363e-01 1.435620427134729968e-02
2.711940433958172081e-01 1.612440727095757267e-02
2.762818623088987846e-01 1.812497225566465572e-02
2.789765990298286868e-01 2.001399747270725740e-02
2.856359944273536011e-01 2.224299789314010053e-02
2.890882431974780564e-01 2.424914467310665747e-02
2.918055060963288261e-01 2.630750256269283327e-02
2.912796901500666613e-01 2.805996339271211309e-02
2.941175455317784904e-01 3.022296644513644548e-02
2.955081224883760460e-01 3.227523693221213269e-02
2.969772446416919509e-01 3.433453788104322973e-02
2.968709776853949989e-01 3.621962638391310052e-02
2.990766446837616055e-01 3.840968836034314160e-02
3.002375512706796368e-01 4.052620244490721252e-02
3.017573692257757845e-01 4.277799252554701642e-02
2.999249492902192893e-01 4.443823650288827171e-02
2.998159091441912616e-01 4.639973973574323257e-02
2.995802631814000749e-01 4.838499245661457421e-02
3.021896492913158649e-01 5.084923718137297072e-02
3.018524305998819268e-01 5.276438464974608084e-02
2.975773085822568387e-01 5.399076777999620158e-02
2.961520847271241208e-01 5.565197336660466371e-02
2.932257971215466719e-01 5.702394307365347970e-02
2.469451627545262706e-01 4.961620885907021966e-02
2.927876386722650937e-01 6.054099767948091515e-02
