2.055188077621318554e-01 3.464595763437786080e-03
2.263118528957668851e-01 4.717617062186560059e-03
2.650083423007236760e-01 5.981590331211766517e-03
2.728086141167724299e-01 5.761128442322304560e-03
2.841276618510357732e-01 5.889635637308910342e-03
2.894529879125827265e-01 6.198795540234315615e-03
2.946416120768827751e-01 6.462356287742823321e-03
2.965226739784665444e-01 6.242044752326059501e-03
2.992321566523516996e-01 6.323835405748927385e-03
3.004533442019431955e-01 6.158762127234007969e-03
3.053603132049563240e-01 6.166369563894664139e-03
3.072840167239167530e-01 5.941151148102512443e-03
3.092926446832068854e-01 5.842287503225734348e-03
3.081782841678253337e-01 5.634261747019322052e-03
3.106773595937588062e-01 5.560898761962766203e-03
3.120339470262961101e-01 5.385404769395301695e-03
3.131130001976337729e-01 5.167571282754496176e-03
3.114872373508840719e-01 5.048994848464286034e-03
3.133801925439045899e-01 4.827715273540676005e-03
3.141059223224394459e-01 4.812030624032922685e-03
3.147962796403522834e-01 4.999852172969219619e-03
3.131191622749053827e-01 4.912323130380400610e-03
3.126022662318094225e-01 5.029958168093246092e-03
3.124992877957312176e-01 5.133973972709900482e-03
3.144411851004316749e-01 5.235206744806502992e-03
3.135081285555046393e-01 5.154326402172419372e-03
3.099889872606900187e-01 5.085980070595776982e-03
3.069767279393640358e-01 4.886383308623114263e-03
3.032660225468309934e-01 4.715896848188776830e-03
2.566692114523886903e-01 3.843601031250926201e-03
2.980730434367012682e-01 3.773843034807976629e-03
