1.614866917337930696e-01 3.046176478891253741e-03
1.650156870575593959e-01 4.020379456150902781e-03
2.029156171977389012e-01 5.367404758480465166e-03
2.152577688814495127e-01 5.711609580099820914e-03
2.302540287068578218e-01 6.006334974825989353e-03
2.393070333923032478e-01 6.376509158274840973e-03
2.482897826829479349e-01 6.805244355743485241e-03
2.540748767111460360e-01 6.931268625157012940e-03
2.602548784177167174e-01 6.992382341554474919e-03
2.643340712227474354e-01 7.251060554940540713e-03
2.720398495253697480e-01 7.337065056967330412e-03
2.764145362657198235e-01 7.384101964566007481e-03
2.796264436569374512e-01 7.397253224048106791e-03
2.803691219965939174e-01 7.321903621538417353e-03
2.847591725828398923e-01 7.450486389364673404e-03
2.875200067790196212e-01 7.617063689309890723e-03
2.897775160419452378e-01 7.621659950929750120e-03
2.901603160576954332e-01 7.651262814516834009e-03
2.937129081819762066e-01 7.675539667800404704e-03
2.950794756265719410e-01 7.887186499652698579e-03
2.973137812256028689e-01 8.316775860614173885e-03
2.960602799002182151e-01 8.360461338710217447e-03
2.967802358763045878e-01 8.601654106455740301e-03
2.974461436780288515e-01 9.190417558607328133e-03
3.015916291157688667e-01 9.573260528986320128e-03
3.022239533353094365e-01 9.445612186492893109e-03
2.989147978581374043e-01 9.494749729917916284e-03
2.986299655955204080e-01 9.652524860199220014e-03
2.952756850516949361e-01 9.229074856163416510e-03
2.486624328720822008e-01 7.672785297468877330e-03
2.915277133525204789e-01 7.356962105999961289e-03
