2.264861598267770282e-01 3.833013559392487325e-03
2.541877007586335613e-01 5.345210407412570239e-03
2.923045450170911330e-01 6.753126086732483963e-03
2.977792918410858136e-01 6.615892619564751886e-03
3.075103069694416491e-01 7.069909138926304577e-03
3.111744552747788273e-01 7.697189513744400434e-03
3.149604293961962842e-01 8.284912580948544658e-03
3.155079910669006393e-01 8.464289482409405665e-03
3.171027558769975996e-01 8.994884681976443933e-03
3.172569796754437510e-01 9.265885125738370851e-03
3.213033370978115033e-01 9.827779691025431349e-03
3.223964674637898598e-01 1.015635987146215440e-02
3.239949602365736481e-01 1.067279596633747760e-02
3.221591079073559682e-01 1.105181920455696083e-02
3.239699655115080290e-01 1.161270916948540025e-02
3.248353061084481852e-01 1.211709453111919216e-02
3.256147442990818819e-01 1.265221693756409665e-02
3.236098575255074161e-01 1.315044851459733211e-02
3.250853952203347497e-01 1.375444768334189299e-02
3.258436319792198943e-01 1.441087413839769321e-02
3.262368746434569089e-01 1.511828870679530513e-02
3.245960066920606790e-01 1.565480379783235065e-02
3.237824360902457066e-01 1.628829679448707060e-02
3.233658085099174739e-01 1.690969993901865823e-02
3.248634024043065005e-01 1.765233253199537458e-02
3.235024860587997764e-01 1.821943187053922872e-02
3.198256620887481305e-01 1.864556345990293906e-02
3.164896955303750370e-01 1.901171564110750931e-02
3.127899683275284781e-01 1.941706553360492832e-02
2.650353814568391364e-01 1.697564944293394884e-02
3.088607622206306913e-01 2.028105208605477869e-02
