2.061506445310885283e-01 3.239235356486827935e-03
2.271549711868779409e-01 4.776822154790048847e-03
2.661682877792116986e-01 6.083616589316107222e-03
2.741805636304088245e-01 6.018626680618533765e-03
2.857418966639370117e-01 6.082938480496117260e-03
2.912864366646826797e-01 6.351925392305529661e-03
2.967003973771392689e-01 6.575154795620397410e-03
2.987884284102016452e-01 6.429346375213892788e-03
3.017143378750044014e-01 6.356209685506267019e-03
3.031423051182241535e-01 6.263014843419597959e-03
3.082931810501395309e-01 6.246577847044215703e-03
3.104367426686244213e-01 6.051582092478325139e-03
3.126688087194046672e-01 5.938091543880482694e-03
3.117445141403895614e-01 5.709635586520037630e-03
3.144765110788718676e-01 5.580052820004585343e-03
3.160547137593830991e-01 5.440331851652185913e-03
3.173535398816264563e-01 5.231358165169767808e-03
3.159106917123680747e-01 5.164637392685869632e-03
3.180368407957716026e-01 4.954124399533989080e-03
3.189802783980015821e-01 5.017374878627171679e-03
3.198888621149846290e-01 5.213210623725632147e-03
3.183911550987447714e-01 5.231874526700798500e-03
3.180718906921354283e-01 5.323603736952006033e-03
3.181735109806639872e-01 5.551304448382590566e-03
3.203584863424002172e-01 5.661950307726367621e-03
3.196152068833255089e-01 5.595968688824953449e-03
3.162326548937072213e-01 5.554743638766712274e-03
3.133630038624894421e-01 5.356727118231392921e-03
3.097760548553374904e-01 5.173688516283947957e-03
2.623491646300880054e-01 4.306900992255523197e-03
3.048670099621206830e-01 4.233321626861375267e-03
