1.867022229478976225e-01 3.286451165881454101e-03
2.019951649971015450e-01 4.389826535412530602e-03
2.404914171134136247e-01 5.668908127492135185e-03
2.500820251543918737e-01 5.623866891589852229e-03
2.626222513459487984e-01 5.764128056254830094e-03
2.693293795928059509e-01 6.073499892436503601e-03
2.757443640960137166e-01 6.370861602086089551e-03
2.788394161210795419e-01 6.226446752153004874e-03
2.825133747978043064e-01 6.297308434310051189e-03
2.847236705730074591e-01 6.248786661561079453e-03
2.903262716180666225e-01 6.282718790539249150e-03
2.930003014336228229e-01 6.175818122958851020e-03
2.953112780504650314e-01 6.094030731411561805e-03
2.949007909115603510e-01 5.955747128405929069e-03
2.980624344992715558e-01 5.923928933578583543e-03
2.999392261297913476e-01 5.832504251634235658e-03
3.012241783061119782e-01 5.653784311714538970e-03
2.999940869458066484e-01 5.574549528820198392e-03
3.022832748090083510e-01 5.397900558597145716e-03
3.028703213208650546e-01 5.400071857010552145e-03
3.037912755004641419e-01 5.607833197964403986e-03
3.020274865596773162e-01 5.563712010790981995e-03
3.018039510713295126e-01 5.737907541419774021e-03
3.018715197213794887e-01 5.917201035223045372e-03
3.042427292496801550e-01 6.017313205287319090e-03
3.036386334904772610e-01 5.897268163761499801e-03
3.001634815826631497e-01 5.840914795438001059e-03
2.975668762104508591e-01 5.780809835740514588e-03
2.934868080627283105e-01 5.421358881864637991e-03
2.479703726857053481e-01 4.454657935773565294e-03
2.870089870660738063e-01 4.404072016318042598e-03
