1.839607101853142912e-01 3.599168289543693954e-03
1.861124428417509913e-01 4.298769961438534716e-03
2.256161638677896542e-01 5.610898224151060140e-03
2.366502488985254005e-01 5.684469951289890764e-03
2.509856085532022885e-01 6.028906930989388555e-03
2.585518599235497872e-01 6.289379182342923202e-03
2.665517868260839363e-01 6.717663666212528306e-03
2.711940433958172081e-01 6.640386171984025837e-03
2.762818623088987846e-01 6.895758818039705515e-03
2.789765990298286868e-01 6.971325341711023631e-03
2.856359944273536011e-01 7.137798561521037886e-03
2.890882431974780564e-01 7.093316073093068608e-03
2.918055060963288261e-01 7.223054800629706215e-03
2.912796901500666613e-01 7.067766768620604295e-03
2.941175455317784904e-01 7.251360143492598977e-03
2.955081224883760460e-01 7.452051626910493470e-03
2.969772446416919509e-01 7.544523772354577024e-03
2.968709776853949989e-01 7.530074892548957802e-03
2.990766446837616055e-01 7.604093299105690006e-03
3.002375512706796368e-01 7.739826305087635708e-03
3.017573692257757845e-01 8.217013051342099417e-03
2.999249492902192893e-01 8.087737753119935563e-03
2.998159091441912616e-01 8.329047725750042541e-03
2.995802631814000749e-01 8.691779737765031530e-03
3.021896492913158649e-01 9.240608522421082938e-03
3.018524305998819268e-01 9.221607411597141507e-03
2.975773085822568387e-01 9.296952691738372132e-03
2.961520847271241208e-01 9.198936341284926974e-03
2.932257971215466719e-01 9.213546928252259322e-03
2.469451627545262706e-01 7.404779641486962730e-03
2.927876386722650937e-01 7.252778691092450283e-03
