2.264861598267770282e-01 3.774806298583898833e-03
2.541877007586335613e-01 5.190078186555744690e-03
2.923045450170911330e-01 6.432899445678971762e-03
2.977792918410858136e-01 6.037431487562788975e-03
3.075103069694416491e-01 6.183794336597369171e-03
3.111744552747788273e-01 6.496639188232160127e-03
3.149604293961962842e-01 6.738409944654168149e-03
3.155079910669006393e-01 6.442441020346831131e-03
3.171027558769975996e-01 6.550800557394829797e-03
3.172569796754437510e-01 6.271116383428504415e-03
3.213033370978115033e-01 6.273938464367308232e-03
3.223964674637898598e-01 5.943625021173746040e-03
3.239949602365736481e-01 5.839528276506723847e-03
3.221591079073559682e-01 5.568760783091998220e-03
3.239699655115080290e-01 5.442589260836866276e-03
3.248353061084481852e-01 5.199631927249995234e-03
3.256147442990818819e-01 4.964767035542762448e-03
3.236098575255074161e-01 4.835574760184947578e-03
3.250853952203347497e-01 4.630663366267818298e-03
3.258436319792198943e-01 4.607572665744900930e-03
3.262368746434569089e-01 4.760294718667812744e-03
3.245960066920606790e-01 4.665119266891237966e-03
3.237824360902457066e-01 4.764906181977736008e-03
3.233658085099174739e-01 4.770882650495110629e-03
3.248634024043065005e-01 4.871830174391068163e-03
3.235024860587997764e-01 4.841651806862505396e-03
3.198256620887481305e-01 4.781366764981438873e-03
3.164896955303750370e-01 4.456911652698181993e-03
3.127899683275284781e-01 4.401779219892616030e-03
2.650353814568391364e-01 3.616182128886649520e-03
3.088607622206306913e-01 3.630038980724172807e-03
