1.611021949315449842e-01 3.277229211624400722e-03
1.644221780128051758e-01 4.040896993641841968e-03
2.019394099843418167e-01 5.361430825924963332e-03
2.139611330533329192e-01 5.578571286457291098e-03
2.285881627582037612e-01 5.889856216921738989e-03
2.372861594697110166e-01 6.212210688590136427e-03
2.458930407060259671e-01 6.649308554893066867e-03
2.513156636066590233e-01 6.683669154897346407e-03
2.571148483462035728e-01 6.856395985591093485e-03
2.608265930450662795e-01 7.006494827292882033e-03
2.681030128519410471e-01 7.140012263405746268e-03
2.720824262131217308e-01 7.191780480589850949e-03
2.749085818781977775e-01 7.265534430430778401e-03
2.753028356423059542e-01 7.203053443093267866e-03
2.792728199279820300e-01 7.375440108716033172e-03
2.816368399768197639e-01 7.541301205517202469e-03
2.835022584913385324e-01 7.607557021705868908e-03
2.835308358156891084e-01 7.588307174201241838e-03
2.866525178492554948e-01 7.618608654285025268e-03
2.876352943917700467e-01 7.670131816243430656e-03
2.894600663802793239e-01 8.051290415016277430e-03
2.878884273716953990e-01 7.974388907714747773e-03
2.882368363978221604e-01 8.309078710602017456e-03
2.885315404427318264e-01 8.679433115872282542e-03
2.921962780921982805e-01 9.097092894025811047e-03
2.924520860791894883e-01 8.943417391177344369e-03
2.888974454495831234e-01 8.966327733045719242e-03
2.882704428637440364e-01 9.115952602927810192e-03
2.846851814685510962e-01 8.731574178262011682e-03
2.394516308012479555e-01 7.112256380487224153e-03
2.803870244641725740e-01 6.772434997056566569e-03
