7.841232704151617661e+00 2.625782340027181250e-01
6.443454856204435366e+00 3.632735227141106749e-01
3.835796512264647351e+00 4.590086900839592809e-01
3.322396119353610899e+00 4.688574258404838990e-01
2.571972213461752421e+00 4.573115625054581246e-01
2.227578464012743620e+00 4.817968860540993159e-01
1.892970768949141736e+00 4.906270862093472518e-01
1.781949780407455552e+00 4.737043930731931196e-01
1.615298963863484039e+00 4.756956158872914786e-01
1.549127882541078804e+00 4.774014536894313210e-01
1.235121419556986622e+00 4.743932092916240406e-01
1.122161022090606197e+00 4.698268433026807078e-01
1.003689419662306959e+00 4.599543345444064291e-01
1.095010971044836356e+00 4.470836457415716669e-01
9.438866991506362769e-01 4.399298109785431676e-01
8.695692828179883982e-01 4.379291190453832860e-01
8.139649359229897962e-01 4.239744820692795124e-01
9.394120191900960926e-01 4.232741708051576679e-01
8.294610875359896829e-01 4.126935835388930163e-01
7.976604218717283645e-01 4.141803017714610347e-01
7.682843856196669430e-01 4.268424068891887857e-01
8.968466277682057841e-01 4.231661907151935131e-01
9.479081955783182911e-01 4.233619463855015641e-01
9.713429797454791181e-01 4.229727067316029765e-01
8.587137133633733210e-01 4.323839754229276688e-01
9.373874327136582085e-01 4.167796131812807614e-01
1.187720500099884502e+00 4.150318202348092789e-01
1.404027280447269987e+00 4.066572204315936911e-01
1.666320722567930845e+00 3.916699262953717842e-01
4.769967958504931715e+00 3.169092344466551969e-01
2.042149384436353188e+00 3.303780577900246040e-01
