2.725473392205858936e+00 6.395346672097092233e-02
2.688503663428770896e+00 7.950048259656750105e-02
2.048954544783298637e+00 1.033149702829020133e-01
1.868017454381310616e+00 1.101616073545831909e-01
1.633468188429314072e+00 1.132966528909422760e-01
1.508004491806826497e+00 1.194822902205880250e-01
1.375332295286756823e+00 1.247432316614175418e-01
1.296829637485710895e+00 1.229180167463317375e-01
1.210987656148756253e+00 1.254387793749582036e-01
1.163827585611766580e+00 1.280601498636990132e-01
1.052247582714854301e+00 1.282908706159885670e-01
9.925929352450155729e-01 1.290083630732019038e-01
9.447968308754294275e-01 1.297382292704846452e-01
9.496896624320695368e-01 1.266835751273481248e-01
8.998288581594630076e-01 1.277014065363236694e-01
8.734752685419630014e-01 1.333343634366518926e-01
8.458030778972311925e-01 1.354061546970856678e-01
8.437994244611776162e-01 1.368049030307828817e-01
8.040385613008358412e-01 1.385239540450541595e-01
7.812947218097143764e-01 1.415740140590304175e-01
7.526481228775963039e-01 1.494605914470133468e-01
7.788336624558391819e-01 1.492136853042004552e-01
7.768304506267074139e-01 1.527804594157710638e-01
7.769027072364553810e-01 1.576111154701527461e-01
7.302991928000261979e-01 1.671488742929340132e-01
7.320093029896745929e-01 1.667511440665596367e-01
7.984344738650974715e-01 1.676943661605277691e-01
8.180981351425022918e-01 1.672122534432987639e-01
8.624993383115425738e-01 1.676519594732354956e-01
1.621041808136779006e+00 1.351037704431233000e-01
8.622689220201216198e-01 1.387347437137298189e-01
