5.815366298933451361e+00 1.515944988648100233e-01
5.585298146577595269e+00 1.866052251676680040e-01
4.121901157565909024e+00 2.459748172294115576e-01
3.643683797216350051e+00 2.667036038586311220e-01
3.067833639352389952e+00 2.739890711052712091e-01
2.716268285505223368e+00 2.927017832297858502e-01
2.374029617939305226e+00 3.066384077543766185e-01
2.156448607697250885e+00 3.092985032544849355e-01
1.919071791986850739e+00 3.144688841843499838e-01
1.754932191491663573e+00 3.251923125829810912e-01
1.453366607779923658e+00 3.264134823597144019e-01
1.288761943773712781e+00 3.331006811090830300e-01
1.163524197857312537e+00 3.318674111549550498e-01
1.124224060302881467e+00 3.311076364211535950e-01
9.392587100209508488e-01 3.331271500733304358e-01
8.169004333913506555e-01 3.396771588431032329e-01
7.230265651778791103e-01 3.393318681169094631e-01
7.147882308100808046e-01 3.428626640959638316e-01
5.727062507535584102e-01 3.443940100904728241e-01
5.151531529368529316e-01 3.483980720084590144e-01
4.280387174980725407e-01 3.625787225643112843e-01
4.765764080169655470e-01 3.643707281685743538e-01
4.503309068201173382e-01 3.767294600811992855e-01
4.198118750725037263e-01 3.847540549390503495e-01
2.479330852971354804e-01 4.007450795956258860e-01
2.161877825856464430e-01 3.931180305883897330e-01
3.384878398070633732e-01 3.937926118837513090e-01
3.490135780088844952e-01 4.023204887363857063e-01
4.724823187213640918e-01 3.851931475292841300e-01
2.293843737290722995e+00 3.166663151946104704e-01
7.205999649995322720e-01 3.177616685032740862e-01
