8.742100924934669456e+04 8.745048983668659639e+04
1.192156079511767643e+02 1.189949983605053632e+02
6.944725696921329927e+01 6.984654601773750926e+01
5.034977357670848086e+00 5.465760714890024019e+00
3.683065990802226741e-01 1.023721049344917255e-01
4.844287558437624375e-01 1.937700496053896757e-02
5.168912113823548315e-01 1.989918213563435581e-02
5.489820742022183397e-01 2.021276436281298564e-02
5.716063954334985597e-01 2.036252805247927566e-02
5.882774015185942007e-01 2.094223156324684712e-02
5.969060288497998190e-01 2.123674548449012989e-02
6.020636520852004070e-01 2.117844339944899984e-02
6.058493304316617811e-01 2.077980719907239135e-02
6.204189512036250020e-01 2.183727923570187232e-02
6.299468064972274517e-01 2.250171142796628804e-02
6.372107242685423056e-01 2.344034560038489937e-02
6.346153897017299261e-01 2.346617213963317697e-02
6.569809306652626413e-01 2.463106727813194063e-02
6.603026589691078918e-01 2.572733444503306002e-02
6.491293577951697813e-01 2.658056833296492186e-02
6.548061817502761617e-01 2.669746140594332975e-02
6.486850913900276128e-01 2.731148064527958580e-02
6.430119736788932894e-01 2.793987421330938400e-02
6.460325183940547333e-01 2.908872109426315772e-02
6.388949821316914912e-01 2.994709116384463438e-02
5.523012454004732064e-01 2.667946844684899663e-02
3.526650967775277201e-01 4.065609750189655425e-02
