5.129735069340240443e+04 5.131443785831085552e+04
3.396849203695031179e+02 3.399987459247444690e+02
6.665667564927858280e+01 6.700382404343079656e+01
5.073609810321422664e+00 5.453936869256566844e+00
2.902417613291857768e-01 1.311548817888393004e-01
4.356716174088982596e-01 1.876014341132861349e-02
4.751147747004839106e-01 1.961757775876260546e-02
5.113870999969450937e-01 2.029520064651507694e-02
5.370712267638534376e-01 2.094080736461222461e-02
5.543051663695665043e-01 2.189456301617502196e-02
5.620257709454433703e-01 2.248902678850877093e-02
5.654390876167607605e-01 2.293213026292700157e-02
5.734055703183738029e-01 2.302684450776946654e-02
5.922557227726472640e-01 2.458700170847046354e-02
6.123828003897654471e-01 2.582044887582444700e-02
6.228627922543835682e-01 2.726926601662109373e-02
6.177187435774481594e-01 2.780197333622295985e-02
6.421425628298407240e-01 3.009234046127507584e-02
6.480228687561015999e-01 3.184166753791333598e-02
6.270024545298935603e-01 3.273029335560768971e-02
6.370240285316577378e-01 3.312492055350250292e-02
6.287143042948142302e-01 3.433849332142364930e-02
6.265306359876062769e-01 3.615549869393974713e-02
6.257927396071080173e-01 3.804208858059653087e-02
6.149806565708322292e-01 3.946228128183854739e-02
5.341492662641461608e-01 3.527346440583613296e-02
3.371313734539458928e-01 5.658015481422547927e-02
