4.614452339047432179e+04 4.615870240121332608e+04
2.619592883355670665e+02 2.618743060229729167e+02
1.267394596451583766e+01 1.292668072909780541e+01
1.685434296989722636e-02 3.171978709106779148e-01
3.986726021888363780e-01 5.609076610917705652e-02
3.716374888551589595e-01 1.720935153612258503e-02
4.050210386821103126e-01 1.783066330394851573e-02
4.452424845398392783e-01 1.882201374373396532e-02
4.806074219813424864e-01 1.981347380671267741e-02
5.013254101954418562e-01 2.126621413490731652e-02
5.146796882411986962e-01 2.319715031187445306e-02
5.266009931640805997e-01 2.468742642023470657e-02
5.340625234462965665e-01 2.538035521624784976e-02
5.613284307841650556e-01 2.790947048276281109e-02
5.811335114097524457e-01 3.026072982178254142e-02
5.919453019246007086e-01 3.113157636992662861e-02
5.979366374367427461e-01 3.267556130093326322e-02
6.320236469258949663e-01 3.646290002179026352e-02
6.461773583299110779e-01 3.910835363995541353e-02
6.208144863853226614e-01 4.064863470324934364e-02
6.428964255449134413e-01 4.149220245298604337e-02
6.317900522181515433e-01 4.272203723747807630e-02
6.263257869692994140e-01 4.631330493511719160e-02
6.284496741549225884e-01 4.819633981947381990e-02
6.336049662824894124e-01 5.077028638053564247e-02
5.490810510561716651e-01 4.696067470676748568e-02
3.918443210972797353e-01 9.645331401755949385e-02
