3.818648661228194396e+04 3.819896142568773939e+04
8.922326920358730717e+01 8.942645310337985620e+01
7.945173033444497435e+01 7.976061243483137275e+01
6.137425245639875904e+00 6.481261421172130888e+00
1.717971006167527681e-02 4.116902788774278732e-01
3.880955458433043570e-01 4.063946333672320554e-02
4.603751528611589872e-01 2.080087087971525805e-02
5.043766480535031294e-01 2.229739335799037908e-02
5.351882408011687797e-01 2.372092501972137071e-02
5.556892516020630612e-01 2.578930167755810743e-02
5.787474340686373786e-01 2.817793417135127515e-02
5.981676912462527973e-01 3.002272603774963286e-02
6.099867158400611444e-01 3.145395283108659568e-02
6.366689405912847599e-01 3.443414419495720996e-02
6.467985098261831434e-01 3.608076807188517060e-02
6.722847165278501569e-01 3.830803239866781978e-02
6.729339547044975722e-01 4.002911414459956602e-02
7.109957394395172159e-01 4.365675928471945966e-02
7.480090557744328850e-01 4.661632681912768195e-02
7.458784249448946468e-01 4.846104552979824814e-02
7.888373090844904567e-01 5.220768955012199813e-02
8.059060967307515311e-01 5.404126160335488704e-02
7.936099457420570102e-01 5.641759906817700454e-02
8.216628809659666244e-01 6.119484287857995114e-02
8.412782574636926691e-01 6.843535131686485917e-02
7.152676838573531759e-01 6.221123679207506835e-02
5.585347977261625463e-01 1.041805372577477157e-01
