5.260387328659977356e+04 5.262095231517409411e+04
3.368538309265969701e+02 3.372529750637140182e+02
1.050949612548953525e+02 1.055623207950513631e+02
7.139358623066622833e+00 7.626891877863565483e+00
2.487716450648964350e-01 2.738347553179670268e-01
5.250774301572532776e-01 2.434962242246701061e-02
5.620951202943595959e-01 2.096672340885435276e-02
5.899152787708914492e-01 2.104723670239128097e-02
6.069691849124225769e-01 2.083165310366923845e-02
6.215545002804655494e-01 2.111983865520971823e-02
6.316831512060494536e-01 2.119189512975313064e-02
6.388310358814407452e-01 2.077244191720694494e-02
6.388622693657357576e-01 2.011359896753854917e-02
6.473982395317584571e-01 2.070361791471201501e-02
6.507364068851646532e-01 2.084476503242310708e-02
6.578091497181803859e-01 2.148612709426959630e-02
6.557365250295265069e-01 2.124253584193960473e-02
6.758586977085060399e-01 2.181930653568752917e-02
6.771134132443173970e-01 2.242446747428730042e-02
6.716982779767696199e-01 2.331184170227424551e-02
6.763355409092910442e-01 2.349235060309944750e-02
6.753688130950381563e-01 2.373550038345553781e-02
6.681102154999244425e-01 2.388071686848017641e-02
6.725477908925753256e-01 2.448999690018347636e-02
6.671065864106852095e-01 2.510061044984965989e-02
5.747841233290770235e-01 2.230168605817936175e-02
3.662466713320384759e-01 3.321947611231104019e-02
