9.667305592994418475e+03 9.670278674914299700e+03
6.519852296784941927e+02 6.520423062106690395e+02
1.011829033517606433e+02 1.010711909397409016e+02
9.498641314431219840e+00 9.352608027925450429e+00
8.128510243226250154e-01 6.531227443711671299e-01
2.078584407068847784e-01 3.960443701146543899e-02
1.817145029443581750e-01 7.844794771457089602e-03
1.892805570250871428e-01 7.898466676218350233e-03
1.979169729217939988e-01 8.317211558425642234e-03
2.046028502114638215e-01 8.774922302178186223e-03
2.104087986795534770e-01 9.307819169223574551e-03
2.140650040980827673e-01 9.761133280842151580e-03
2.181480876982671846e-01 1.021728323193752189e-02
2.185830814320134097e-01 1.075896346369539618e-02
2.199170707363797550e-01 1.136435858978452999e-02
2.230152413129878886e-01 1.179839281328452262e-02
2.237940021175806316e-01 1.222762487998910880e-02
2.329886775002908139e-01 1.298657940600014306e-02
2.367447758134082481e-01 1.373677060727050703e-02
2.370411565652526531e-01 1.428170870285546713e-02
2.449823102879017667e-01 1.536909628901639985e-02
2.429685922802132803e-01 1.588591406199880290e-02
2.483875613818411765e-01 1.687465905162420510e-02
2.477023777410870820e-01 1.739320481895227644e-02
2.464620724054845113e-01 1.751154715704827600e-02
2.090846512613602215e-01 1.556577202919270583e-02
2.344272829305671657e-01 1.601916170803477021e-02
