2.849644281532135665e+03 2.852158778978164719e+03
1.181949258497872052e+03 1.182972153865980090e+03
6.612661007856559081e+01 6.639632869276242388e+01
8.368656401682263990e-01 1.075294132935733060e+00
2.018400840930736906e-01 4.345558723920449340e-02
2.443825334418650019e-01 1.102033032402815679e-02
2.535823579917200199e-01 1.009985589431717373e-02
2.575051054728544342e-01 9.758029770068999548e-03
2.597140527371918917e-01 9.384069542736997796e-03
2.633713529543262877e-01 9.140335480614530245e-03
2.649492309001966195e-01 8.966861788105112002e-03
2.659809422731848616e-01 8.839077148834856637e-03
2.657531141258513974e-01 8.566177806286484966e-03
2.648825090445413033e-01 8.404570901823048626e-03
2.651800961096282827e-01 8.198526469149017629e-03
2.669451880439960290e-01 8.196319087374507456e-03
2.671101479864812500e-01 8.120807919693960597e-03
2.707656276347322200e-01 8.141840629775829591e-03
2.713320144908069609e-01 8.213413099316842214e-03
2.725330539679217123e-01 8.330233823245027092e-03
2.725279402354555125e-01 8.415992873638636004e-03
2.711399299094212623e-01 8.533781912483009990e-03
2.710714432980353417e-01 8.697255308245771879e-03
2.686299901554626834e-01 8.765373622953060578e-03
2.645809671371617822e-01 8.832506679290799342e-03
2.288746930149979653e-01 7.748180407197083688e-03
2.751353372283238397e-01 9.726096709423924166e-03
