1.167832057417905344e+04 1.168219357743717228e+04
1.664083355981741761e+02 1.662859772871561290e+02
5.680618220631492932e+01 5.662187899543197744e+01
6.821402981578038371e+00 6.612985514164720691e+00
6.584212723463828132e-01 4.398326902121936222e-01
2.513580654729499209e-01 2.754442853676168645e-02
2.339498033369540320e-01 8.101736245771446604e-03
2.380171909401690156e-01 7.839927254270444984e-03
2.419257582646950899e-01 7.762810338330902553e-03
2.463737076595771402e-01 7.818988040206144643e-03
2.491090227428920945e-01 7.889443631947878899e-03
2.505638999416950341e-01 7.972586384839582332e-03
2.511632998490503921e-01 7.924416457975633210e-03
2.509617142674195889e-01 7.995868471341916611e-03
2.521520991433207071e-01 7.931248839433111680e-03
2.540051358395353232e-01 8.014907471277860421e-03
2.542206713395184225e-01 8.062310255787670174e-03
2.586913923699269979e-01 8.197637425179928397e-03
2.596482405070106303e-01 8.329608286520987989e-03
2.609305303427652545e-01 8.485357463440677123e-03
2.622495708687714311e-01 8.626332567039141780e-03
2.601139188984782913e-01 8.808981296820459286e-03
2.599916162090068483e-01 8.958976474385883446e-03
2.577808176293434061e-01 9.149497083287824045e-03
2.539697092245668530e-01 9.240206182566351734e-03
2.196487906954576741e-01 8.187169185176557465e-03
2.593577553158167293e-01 1.002303007303565092e-02
