8.178493825483291403e+03 8.181509226782553924e+03
1.891651003221253120e+02 1.893457537908761026e+02
5.060315067645722920e+00 5.219955707876891893e+00
2.954138646482986630e+00 2.781747009897350242e+00
4.436736299579087106e-01 2.592881735625451323e-01
2.022013904774036530e-01 1.243790241076539634e-02
2.034640037608657359e-01 8.803581174146889177e-03
2.117112213603838666e-01 9.151541200545848173e-03
2.208864714804411045e-01 9.569462982612795751e-03
2.286628184145285403e-01 1.016278654833999498e-02
2.327961745886609202e-01 1.070130049106584290e-02
2.356712600732566720e-01 1.123740348687218837e-02
2.388601001195345130e-01 1.180567930795165324e-02
2.388979432612607090e-01 1.239175938912566270e-02
2.393595007780425221e-01 1.288061221782270567e-02
2.419257520638244952e-01 1.352928628601550616e-02
2.459930849288426424e-01 1.401062319091033598e-02
2.563286244835707994e-01 1.488857442378935768e-02
2.618301192435198432e-01 1.578640183136227615e-02
2.625539393626973306e-01 1.667743435991995635e-02
2.673934144193581552e-01 1.765899069462738280e-02
2.637006995552622080e-01 1.876569044980789039e-02
2.690135292527394140e-01 2.005619616723884613e-02
2.662352279944082412e-01 2.096608432168508077e-02
2.691172672471736083e-01 2.274990748933754595e-02
2.333468604098880017e-01 2.055664956680672978e-02
2.769187002522590091e-01 2.594201867833510408e-02
