2.850680758225204954e+03 2.853189184988726993e+03
1.182012030440380386e+03 1.183029940398879489e+03
6.610958860479132682e+01 6.637880729237420496e+01
8.363904452088609665e-01 1.074685356379117440e+00
2.016628381388152758e-01 4.341744290290008162e-02
2.440921147579665496e-01 1.095362790428645698e-02
2.532023627765874751e-01 1.001263361665679502e-02
2.570393965536427183e-01 9.656484294567694790e-03
2.591638535597303727e-01 9.264665574490973943e-03
2.627318023830582661e-01 9.004849266138150246e-03
2.642237818551484985e-01 8.810403243851053570e-03
2.651703074676122762e-01 8.662021315762250331e-03
2.648609089096304325e-01 8.378276580244549063e-03
2.639112568772022382e-01 8.200828788769530878e-03
2.641257163528393237e-01 7.969758118521895821e-03
2.658012332963594071e-01 7.938475278991304410e-03
2.658829041327785414e-01 7.846925904232433108e-03
2.694379022310547378e-01 7.848815906437343892e-03
2.699176763756987452e-01 7.879746364285107260e-03
2.710282750196595369e-01 7.969353525526199147e-03
2.709390369130474374e-01 8.018035910482826031e-03
2.694754210044709164e-01 8.090473552294384640e-03
2.693237039343033823e-01 8.205782345939785505e-03
2.668151203800281923e-01 8.260279694152458316e-03
2.627118553662239342e-01 8.286742158936495628e-03
2.271872619763633527e-01 7.263115810605081865e-03
2.730220394243715876e-01 9.118745450884008230e-03
