1.156930032406879218e+04 1.157858446446613561e+04
1.647250410369728399e+02 1.646708598901956293e+02
5.618727827627547100e+01 5.602584701756417473e+01
6.741770195076560057e+00 6.538066086443069302e+00
6.502224153018381081e-01 4.346682670058029108e-01
2.480325931590259270e-01 2.784596135808675710e-02
2.306728376892702159e-01 9.585399696030548825e-03
2.344984327180965056e-01 9.185178630647040238e-03
2.381615100280943809e-01 8.935583265912329029e-03
2.423492437084370787e-01 8.765820081356793386e-03
2.448469016849354196e-01 8.654018153171065542e-03
2.460829362413446131e-01 8.579882921237132198e-03
2.464773554305953740e-01 8.389284435348360117e-03
2.460855782634107924e-01 8.305914525739935272e-03
2.470581151327481129e-01 8.137636726006022836e-03
2.486777211679785382e-01 8.155252252014365960e-03
2.486927287137620513e-01 8.127199004013182029e-03
2.528669381305882480e-01 8.196983590768064376e-03
2.536023658440740292e-01 8.285234205123543846e-03
2.546540918902599482e-01 8.402180442893118426e-03
2.557398425601943304e-01 8.527364647715090715e-03
2.534574404233047584e-01 8.654154454114527939e-03
2.531387560080113341e-01 8.811744459599823304e-03
2.507885704397083693e-01 8.949912799669388838e-03
2.468862538869884826e-01 9.031350440943235539e-03
2.133544227567161777e-01 7.915532336909737385e-03
2.517270680989214249e-01 9.739168408844327621e-03
