9.469947562416462461e+03 9.477298442866020196e+03
6.364720627672704722e+02 6.367988882487487672e+02
9.843469200229721139e+01 9.836423468618217214e+01
9.208777917873897323e+00 9.070476919584072206e+00
7.853277251726111796e-01 6.313154264933816817e-01
2.001276515859373717e-01 3.849928328997471311e-02
1.743526232634217410e-01 8.871210487996951041e-03
1.809857418851042732e-01 8.868519068245626219e-03
1.885909544167611029e-01 9.194706181107601545e-03
1.942893338466482600e-01 9.552230039066555642e-03
1.991134686827473466e-01 9.970369608458993019e-03
2.018746916304597072e-01 1.031814030216011285e-02
2.050156783360194135e-01 1.067117131568944347e-02
2.047159446283488560e-01 1.102260772763490916e-02
2.052548978746374098e-01 1.152875812389031127e-02
2.074285794559281582e-01 1.190069917251812028e-02
2.074349604286477577e-01 1.226625607442836247e-02
2.152126462659517125e-01 1.291154009425991671e-02
2.179279016296967186e-01 1.352818991418096653e-02
2.174481172701185905e-01 1.397555459653695639e-02
2.239577427558013256e-01 1.496812665060581748e-02
2.213507279837571007e-01 1.525338881401586827e-02
2.255070492601781440e-01 1.601386925365491654e-02
2.241093188050085894e-01 1.639628329223210071e-02
2.222180321947306303e-01 1.637804429813829316e-02
1.878671364441316383e-01 1.442773650129105037e-02
2.099115223907984107e-01 1.478917428028888453e-02
