2.941800912893209897e+04 2.944192004126346001e+04
8.680375681092518789e+02 8.684958072483535716e+02
1.120423462037959013e+02 1.119430884441557623e+02
1.007410730814299704e+01 9.898598081470042942e+00
8.641856379060591786e-01 6.732091830520927633e-01
2.417856116541063916e-01 4.393189754133646624e-02
2.099032921804941942e-01 9.404822756356586919e-03
2.140266540766365411e-01 8.917176797254166079e-03
2.185189718911674517e-01 8.834322079804526190e-03
2.227580893789142813e-01 8.768709507652744026e-03
2.257300048361429168e-01 8.735240235190190258e-03
2.272181984216426753e-01 8.770921319473589176e-03
2.282339233909246035e-01 8.707058556704371996e-03
2.282124961348070413e-01 8.759619357912411253e-03
2.296659829777071282e-01 8.689803955760725188e-03
2.317222749043599539e-01 8.812025752955027560e-03
2.309047094436378622e-01 8.882335742342506793e-03
2.354237219026443506e-01 9.131385373411887024e-03
2.372309283175637606e-01 9.326659532630709668e-03
2.392871951910796602e-01 9.566733253397624939e-03
2.426165614700697692e-01 9.898478252012607448e-03
2.396442019421515801e-01 1.015062129375410814e-02
2.402712904265720539e-01 1.050299176418953602e-02
2.376812431946559445e-01 1.075643036445006820e-02
2.339033453518186978e-01 1.098684929873636890e-02
2.022402508716305558e-01 9.722985576720841183e-03
2.329209047466594962e-01 1.175248927772192843e-02
