2.937945048384653637e+04 2.940353775998015044e+04
8.679165593403720322e+02 8.683859557464695627e+02
1.121581172568498914e+02 1.120612568122003552e+02
1.009634428067869649e+01 9.920777023528730254e+00
8.671089843967239030e-01 6.755657794302536434e-01
2.428880552689628991e-01 4.423322363713064198e-02
2.111076725871087467e-01 9.693268292965266306e-03
2.155071544785560345e-01 9.248663995824373332e-03
2.202886096661686721e-01 9.247018096637657156e-03
2.248254340519264816e-01 9.248299011157649213e-03
2.280921348800409310e-01 9.320913251559119136e-03
2.298651826037425294e-01 9.452422884643220044e-03
2.311635423603293771e-01 9.464285954533782977e-03
2.314129342927672139e-01 9.614725423229617332e-03
2.331599455545215471e-01 9.664121446359256323e-03
2.355234299017592292e-01 9.919152851237650337e-03
2.349677117167350560e-01 1.010201027663600731e-02
2.398472155483659385e-01 1.051009145568639926e-02
2.419718421806984487e-01 1.093290554016164602e-02
2.443554583397767321e-01 1.140500915700289226e-02
2.480459221696702521e-01 1.204207890352556286e-02
2.452944021187257739e-01 1.250317592240417393e-02
2.462247216060487742e-01 1.312137660090179070e-02
2.438561694565648252e-01 1.349662146793736625e-02
2.402615825340496392e-01 1.390862136686383740e-02
2.079814292285508126e-01 1.233275052618234072e-02
2.398139786269672946e-01 1.495422038291154519e-02
