8.005162831719809219e+03 8.011846427554093680e+03
1.846680081840262915e+02 1.849199729344347531e+02
4.926993820188974915e+00 5.084214562834402429e+00
2.868726488863171831e+00 2.702252058512570887e+00
4.297102330544891324e-01 2.512963243788242096e-01
1.953214891200915349e-01 1.289291488102522684e-02
1.960231143872251669e-01 9.609975000624193173e-03
2.034311180609562619e-01 9.749359223589278145e-03
2.116880955560754285e-01 9.967987633065226311e-03
2.185630185519331081e-01 1.034070137578174849e-02
2.219273243578165355e-01 1.070089577455581378e-02
2.240760144593304803e-01 1.103214861764610297e-02
2.265093673942259744e-01 1.141573044012520605e-02
2.259481437103318668e-01 1.178234836404502481e-02
2.257879950032012362e-01 1.210240331608969377e-02
2.276072471872104819e-01 1.259043274661496119e-02
2.308238577296582716e-01 1.291291820343075901e-02
2.398881045495306341e-01 1.362245447001649186e-02
2.443908935044439845e-01 1.435217720337868437e-02
2.444205765826584498e-01 1.511554741023243657e-02
2.482697129356468690e-01 1.595378127591113443e-02
2.441957644245636161e-01 1.685685084979379744e-02
2.484590250997441019e-01 1.791428496074401466e-02
2.452449000302589222e-01 1.863510204179106081e-02
2.472463211260661486e-01 2.023140759680120207e-02
2.138178931591227239e-01 1.814813165265876868e-02
2.530743780611482974e-01 2.291684591887486327e-02
