1.170070382598746655e+05 1.170234961785622727e+05
4.854073183022614830e+04 4.854334185935150890e+04
2.726835428339051759e+03 2.724883042793350342e+03
4.597911452839002777e+01 4.414255332500739115e+01
3.325908833367328121e+00 1.765547401765852786e+00
1.578286563177936141e+00 3.435420594189600996e-01
1.199859457404202967e+00 2.964597119595906438e-01
1.038133191769454955e+00 2.901392203341264242e-01
9.467829760611875534e-01 2.817705755288720804e-01
7.959271133491174766e-01 2.802832792115561578e-01
7.304765767813988786e-01 2.801829804540572066e-01
6.874563311318854231e-01 2.792563798128715469e-01
6.961791596066568832e-01 2.725328723436650780e-01
7.313130103308081997e-01 2.698029540507468349e-01
7.184503387635567950e-01 2.638571112111415262e-01
6.452833585842167041e-01 2.648302835222074436e-01
6.378644853378080404e-01 2.637591645931690043e-01
4.869952918086835059e-01 2.639468854147826171e-01
4.630680346852408813e-01 2.630865068511390459e-01
4.130527337348477435e-01 2.663995610735742092e-01
4.126094524488279625e-01 2.659171789109479045e-01
4.690121650334951875e-01 2.684474637708470501e-01
4.711773606148590421e-01 2.700697901546786350e-01
5.708985230675561739e-01 2.723632838029316772e-01
7.367244590110750835e-01 2.715399778224398819e-01
2.204191546693863746e+00 2.393539889223924855e-01
3.014756934823816792e-01 3.015834965915150101e-01
