1.661573466551745648e-01 2.916308659709454000e-03
1.963496132121966553e-01 4.656516889832584653e-03
2.234820727305514843e-01 5.490303566725786288e-03
2.387147787265481991e-01 5.866423834855419989e-03
2.496642031619502322e-01 6.147607970923433043e-03
2.537225684310143725e-01 6.235204519818493205e-03
2.572999654973751604e-01 6.290895864557419052e-03
2.631239271684241432e-01 6.337345920722092622e-03
2.652233563070183209e-01 6.343866278694960427e-03
2.645862048697654734e-01 6.421473402546695221e-03
2.664560713827867633e-01 6.529136748038863979e-03
2.712024005400643922e-01 6.564723750917194484e-03
2.728521138248160005e-01 6.593800655385354849e-03
2.777724003132045483e-01 6.813064408317880127e-03
2.787887915611934053e-01 6.953136260238540305e-03
2.767315026147121881e-01 7.036353797614418489e-03
2.776517202063714107e-01 7.306675219805050352e-03
2.767749612784574098e-01 7.697915562439453137e-03
2.746356018715643277e-01 8.168841502987911340e-03
2.451078035326319515e-01 8.119191613753105191e-03
2.831671255916477503e-01 9.734112284787460601e-03
