2.315663993536412057e-01 5.255186786428664610e-03
2.880166836524879481e-01 8.363474853142618265e-03
3.044701988506746115e-01 9.098588396647577098e-03
3.075635495494337679e-01 9.159685154802976736e-03
3.086350612362391277e-01 9.229693802622052773e-03
3.049520615012952240e-01 9.009034892874686479e-03
3.045838125637114757e-01 8.736065570589963622e-03
3.063510024293759071e-01 8.620282459653535664e-03
3.053630798762630438e-01 8.094604811901410721e-03
3.040775957551994924e-01 7.768481184166408510e-03
3.047965856328843648e-01 7.548270810275136203e-03
3.066493926468306097e-01 7.203633927332345546e-03
3.068560849007555547e-01 6.861930124947802564e-03
3.090158553296563082e-01 6.946716174721557016e-03
3.074986622129181613e-01 6.616187938354967449e-03
3.039356790466358205e-01 6.336968631659892041e-03
3.024194039216266949e-01 6.152116394999490590e-03
3.015297046379493695e-01 5.965706680576247575e-03
2.987020748711105567e-01 5.744602285280914905e-03
2.681258628455388537e-01 4.951940586998759657e-03
3.170307871410106282e-01 5.247372175118028732e-03
