1.069966665151941693e-01 3.287221433802511601e-03
1.177780982890486994e-01 4.001773031123549186e-03
1.448599596119801158e-01 5.298917273799936926e-03
1.666005239329615140e-01 6.403578922636219209e-03
1.836178883906111059e-01 7.674126295884494721e-03
1.948510431654293107e-01 8.848079638314985951e-03
2.024038901758106190e-01 1.003811228531964646e-02
2.113270196106234178e-01 1.129781636818089421e-02
2.169251251545910308e-01 1.248649679006299043e-02
2.160067757710439351e-01 1.351654071388910458e-02
2.180199811492556927e-01 1.458615726264260448e-02
2.262274092558381466e-01 1.591832732445287377e-02
2.325968323117504621e-01 1.702786572274797919e-02
2.457956233854175498e-01 1.882883541810679087e-02
2.540952565002063124e-01 2.018211271785762609e-02
2.551671053315089366e-01 2.151121092291276987e-02
2.589428407557763934e-01 2.310868614692016335e-02
2.605103211818141640e-01 2.466319794754034608e-02
2.619630276263956725e-01 2.637751002285900273e-02
2.219593790077948603e-01 2.507177143165749758e-02
2.503133665893927384e-01 3.031378769384582630e-02
