1.268980445249993372e-01 4.111371108480989765e-03
1.449436555333362131e-01 5.263063452311032495e-03
1.759759587100757083e-01 6.670051844829130890e-03
2.005772038866724116e-01 7.680963083665851877e-03
2.209039909361526499e-01 8.738624099596805153e-03
2.350150816455381098e-01 9.618700787709464489e-03
2.462817553276225035e-01 1.044700187513791789e-02
2.568253826518555050e-01 1.133589062185961019e-02
2.639472286796835654e-01 1.172764958513494195e-02
2.646464154056205054e-01 1.246142730259707475e-02
2.727742576093873939e-01 1.332368254951174849e-02
2.849218406343956844e-01 1.406980017558515095e-02
2.949582522223730963e-01 1.465635491363955455e-02
3.083341799886495371e-01 1.599264402832167864e-02
3.169513569961202593e-01 1.670580077195317134e-02
3.181955006096032212e-01 1.747243438360650963e-02
3.229698853843431250e-01 1.853318117681404878e-02
3.255302911126145005e-01 1.897763410795201902e-02
3.291742327796132739e-01 1.970005791759068745e-02
2.881487893175682657e-01 1.849744138182878028e-02
3.316833391507862938e-01 2.125396128463415135e-02
