1.924252823848334182e-01 2.837389361339903802e-03
2.333286923566688098e-01 5.182385078844627298e-03
2.561707887658479788e-01 5.940081026900808671e-03
2.660306885115746311e-01 6.153031982703103565e-03
2.725831227417262470e-01 6.263623061378688003e-03
2.730847725821997640e-01 6.149991992950054262e-03
2.750202039639069729e-01 6.002434885018814378e-03
2.787126984252491502e-01 5.834824126285545996e-03
2.791458631758863551e-01 5.638178589809522169e-03
2.780921403120065749e-01 5.494892790972169191e-03
2.795794861777399221e-01 5.430502833697043938e-03
2.827446655549017418e-01 5.242970375250573245e-03
2.834390315434388019e-01 5.150763082626053611e-03
2.862383853322842953e-01 5.165370213476607776e-03
2.856055569340720801e-01 5.184978582135841944e-03
2.823808740839897080e-01 5.161803945459699644e-03
2.818409029779310182e-01 5.313259825955240698e-03
2.805684210468742390e-01 5.532443341897520447e-03
2.782530454947628740e-01 5.900210357630882724e-03
2.492362424008046917e-01 5.880464917498532187e-03
2.907709889083623933e-01 7.126450139046972172e-03
