6.288077436302966783e-01 1.421172117455381766e-02
1.821343105766903836e-01 6.208270345762731054e-03
2.707346662653418168e-01 8.689450596904993787e-03
3.151387711949443227e-01 9.874591096098943310e-03
3.408231309333706882e-01 1.081660508145090502e-02
3.707471510363770095e-01 1.197625178728639085e-02
4.042326501101858871e-01 1.295662079997096129e-02
4.341461276463922658e-01 1.377597635656078144e-02
4.375445964486385231e-01 1.393376273431260783e-02
4.421339162048031346e-01 1.433793882117866472e-02
4.490338209709673345e-01 1.478592092205191152e-02
4.589481493893974307e-01 1.524830304567139846e-02
4.642369026026714751e-01 1.614636392777651919e-02
4.741838088567348342e-01 1.681984509248542203e-02
4.833819040050734706e-01 1.717202974384998346e-02
4.822620530296160002e-01 1.829702072632740859e-02
4.982324130107788629e-01 1.949388773653299226e-02
5.059913582683744915e-01 2.058686563021532717e-02
5.148899687706954831e-01 2.144302177651427957e-02
4.820474494060052462e-01 2.054493282166661855e-02
3.915280813631449863e-01 4.149608751397385747e-02
