4.566599626364007403e-01 1.357604942507644949e-02
1.221482559904353143e-01 5.076100977129937783e-03
1.882687901139209197e-01 7.459305454551134855e-03
2.271429327060519032e-01 8.916125358320857799e-03
2.489336916606657846e-01 1.041488724097609092e-02
2.737982914394591627e-01 1.197856867127272164e-02
3.025509368627667950e-01 1.338396057054391276e-02
3.377073160622877657e-01 1.505110268418735457e-02
3.511501183787623104e-01 1.608814056210404117e-02
3.508846850319252142e-01 1.744485325398212328e-02
3.541304230144285414e-01 1.882688783466052868e-02
3.510007297870066378e-01 2.073557311220955088e-02
3.443051133046480805e-01 2.297264280534899381e-02
3.528335756813573143e-01 2.527712741119857859e-02
3.755228548766461061e-01 2.781024905029687994e-02
3.910537723609915362e-01 3.059975277645173020e-02
4.030889997022022442e-01 3.334959191336102358e-02
4.050136669925056832e-01 3.540833907722902574e-02
4.243728994536926091e-01 3.884915565260237819e-02
3.750215050639240100e-01 3.713307373749322876e-02
3.034687734134143278e-01 7.219196518548198771e-02
