6.131696513063377152e-01 1.683064420770893563e-02
1.770546896433412842e-01 6.212478886359470640e-03
2.623689486302809848e-01 8.845186912261705087e-03
3.044551338630279158e-01 1.000252106215621974e-02
3.282490095370479977e-01 1.081648873272962087e-02
3.559631843032211584e-01 1.180144886130605510e-02
3.869114192808179031e-01 1.243681768334796607e-02
4.142561729206098442e-01 1.299302532052684298e-02
4.162059455585112033e-01 1.290977602404725331e-02
4.192689339576671226e-01 1.320741834106089856e-02
4.244932652363441750e-01 1.369997003887018887e-02
4.325220696376321783e-01 1.421937539477264104e-02
4.361513363881969751e-01 1.510187117467477920e-02
4.441167637455984418e-01 1.577503766870251567e-02
4.513295112686519506e-01 1.607660690958770400e-02
4.488893818204668373e-01 1.716412792332796047e-02
4.623183352699273829e-01 1.795871136841215021e-02
4.680638902149215630e-01 1.891405966902336838e-02
4.748203973992700111e-01 1.970038465825065324e-02
4.431570102008371981e-01 1.882635475689656626e-02
3.588257892170779173e-01 3.820667449740406535e-02
