5.252713791257046516e-01 1.571587698445389009e-02
1.486484615662704567e-01 5.826592030043889481e-03
2.225366438916374368e-01 8.347912316773453689e-03
2.639323465053471929e-01 9.650638850520356846e-03
2.879109719750255758e-01 1.104608451462809823e-02
3.094037602878441096e-01 1.238385238951197377e-02
3.432731651532244799e-01 1.383830543974118484e-02
3.811838224332473879e-01 1.558093183889681412e-02
3.898973468572370371e-01 1.638655254225800453e-02
3.843923602068618495e-01 1.748087564851292380e-02
3.905655267656959473e-01 1.864584499598994846e-02
3.958791277383973961e-01 2.009044799284085553e-02
3.985249811295973332e-01 2.170818372477252914e-02
4.025822524269619396e-01 2.332699047059617198e-02
4.126023630584952362e-01 2.445117432720593509e-02
4.242859216799506061e-01 2.566107218355668032e-02
4.155322692905502047e-01 2.775937633362122667e-02
4.088051780560737480e-01 2.899802969399439823e-02
4.455193670460191324e-01 3.173543807586767102e-02
4.052972538675102543e-01 3.050206469217483368e-02
3.095215961430398677e-01 6.292157690654785751e-02
