8.222434737076113054e-01 2.229967033532692655e-02
2.626134498289254271e-01 8.559210989357782587e-03
3.641892819836116679e-01 1.154083726420543181e-02
4.005811938929365601e-01 1.214346973985380197e-02
4.183857332111008964e-01 1.218040965449260910e-02
4.334661882269594813e-01 1.229322301355928633e-02
4.641520309391175547e-01 1.224278965999339719e-02
4.903684147515941505e-01 1.228683164911387009e-02
4.910084287443755025e-01 1.172286281762991399e-02
4.915193100015900485e-01 1.132462992929597276e-02
5.006196681733063869e-01 1.127985973659999946e-02
5.107374816318163147e-01 1.121366238792282158e-02
5.140479238286218555e-01 1.133267521616337405e-02
5.165191820584643656e-01 1.132695479230215289e-02
5.141339249270987510e-01 1.084429373413053725e-02
5.096144149082793007e-01 1.060584806994475070e-02
5.169365504351126628e-01 1.053206231558830551e-02
5.192318006138262332e-01 1.055525524880216934e-02
5.225609122223223713e-01 1.051062239806604612e-02
4.765801820648493670e-01 9.345345602184642123e-03
3.468031596731183108e-01 2.076996544620670140e-02
