7.107102858242637655e-01 1.903686243907032338e-02
2.150568269895521967e-01 7.083647169520219250e-03
3.095432793790895420e-01 9.866190539798825807e-03
3.497246487469978238e-01 1.080115119953692707e-02
3.716756209614206496e-01 1.122711854947879700e-02
3.937130829335402371e-01 1.177779799868975720e-02
4.254148782725016842e-01 1.204629974555477406e-02
4.528141514475820806e-01 1.232780041889211010e-02
4.552724085594198611e-01 1.193229864118393151e-02
4.563866219567550009e-01 1.185274368063134361e-02
4.636449628882408081e-01 1.202407020004300602e-02
4.737376824324899260e-01 1.211506694046262170e-02
4.762110755701127185e-01 1.238503810883814435e-02
4.799630098346893692e-01 1.274583167819285864e-02
4.822292631215556180e-01 1.249312389077640063e-02
4.813751483700769440e-01 1.283249948000183931e-02
4.922412512504935611e-01 1.312601498326813020e-02
4.946203121692039351e-01 1.354451099166385959e-02
4.988554739663729753e-01 1.367259908624181980e-02
4.559606929747307968e-01 1.256893654020341429e-02
3.511534445287323725e-01 2.582555976791032701e-02
