5.257386379840198742e-01 1.589916103800547917e-02
1.489244526193582163e-01 5.878946670329373951e-03
2.231652467697774478e-01 8.502044176437144676e-03
2.649336262503012018e-01 9.953461651626374640e-03
2.892824695751554098e-01 1.150155070833387520e-02
3.111780277017789920e-01 1.301883766180271691e-02
3.455752464728411577e-01 1.460420475744917367e-02
3.841109327234442095e-01 1.663654811920207630e-02
3.932710006932561564e-01 1.739996646966705460e-02
3.880930151840928377e-01 1.841169064229812927e-02
3.947066308203588947e-01 1.972121892059290268e-02
4.004631461783589308e-01 2.141043184090063445e-02
4.035291716184109534e-01 2.293592049008609524e-02
4.080312699613130034e-01 2.422015952817199724e-02
4.185910788299256891e-01 2.543886775281511622e-02
4.308601363743460033e-01 2.732401157643059991e-02
4.223785786428440603e-01 2.932929750674552125e-02
4.159421691909756524e-01 3.057182171475871305e-02
4.537353206301694697e-01 3.429333541790220707e-02
4.131703012342433090e-01 3.258023561944335678e-02
3.158390521175039600e-01 6.357614343990980466e-02
