8.220414418887737051e-01 2.223452545133842995e-02
2.624840709135938810e-01 8.531893429576232687e-03
3.639199460736826652e-01 1.147932380143725992e-02
4.001860692651356688e-01 1.204571159466814693e-02
4.178698022938956425e-01 1.205311374791344543e-02
4.328247216677622022e-01 1.213445823952679151e-02
4.633506724565089607e-01 1.207512145309578080e-02
4.894008760202607222e-01 1.206091806469061084e-02
4.899185816378139324e-01 1.146491005474181875e-02
4.903071873510821965e-01 1.104591130088519377e-02
4.992617493564839304e-01 1.093217764089763483e-02
5.092263025028477275e-01 1.080904986220635779e-02
5.124003494973773387e-01 1.090128985139109628e-02
5.147365096918361527e-01 1.083151698464030095e-02
5.122329260019367059e-01 1.026099052714918303e-02
5.076047114371761149e-01 9.957023550338230458e-03
5.147707856843197760e-01 9.844110979268912154e-03
5.169287006104454907e-01 9.817892018561988690e-03
5.201145394668882371e-01 9.713128826875477503e-03
4.742318986162106786e-01 8.629184766894684722e-03
3.450090923191037051e-01 2.055995523693335270e-02
