7.103157411834259971e-01 1.891360594956523547e-02
2.148140744954341874e-01 7.045806348250660024e-03
3.090164071639072141e-01 9.766122104367929574e-03
3.489289975869008242e-01 1.063827774670273764e-02
3.706171878804407904e-01 1.100844478623173861e-02
3.923665608618406297e-01 1.148970691118218930e-02
4.237165979968460783e-01 1.173122653594108750e-02
4.507476318856878383e-01 1.188999683646055697e-02
4.529345544220995667e-01 1.145599430202495078e-02
4.537824435608553419e-01 1.133328278874111243e-02
4.607347724699499825e-01 1.139628017645339525e-02
4.704939424421503702e-01 1.138617309154413108e-02
4.726789451841024170e-01 1.165799729664699150e-02
4.761296143241158241e-01 1.188969920874012251e-02
4.781031975087655650e-01 1.158210117407029033e-02
4.769824645239886252e-01 1.182685831648294141e-02
4.874694623392857862e-01 1.203486583442396271e-02
4.895443202456194465e-01 1.234553324823512224e-02
4.934526342241146168e-01 1.232801199953223112e-02
4.507635549327345670e-01 1.135555607618806209e-02
3.469516711861772573e-01 2.529745659768064397e-02
