4.568642904098282886e-01 1.377465364636596204e-02
1.222636746516146816e-01 5.103122437773321800e-03
1.885403905089663990e-01 7.588371756206357954e-03
2.275837221754543060e-01 9.218077575823154651e-03
2.495407889245921662e-01 1.089751791508528425e-02
2.746025049083147263e-01 1.271679388189330025e-02
3.035904875638839595e-01 1.439505931586791340e-02
3.390361623988005779e-01 1.649170468060278533e-02
3.527071552941568044e-01 1.748390498318722758e-02
3.526157940050359541e-01 1.852246218036272124e-02
3.560545030608383010e-01 1.990154405513694380e-02
3.530832867794128083e-01 2.179576266108171692e-02
3.465201633823847271e-01 2.352099680892833986e-02
3.552800658612316753e-01 2.557713903673337896e-02
3.783146900928878731e-01 2.806881083952774553e-02
3.941569674786394861e-01 3.165838128542013824e-02
4.064897241971978104e-01 3.464161676665998557e-02
4.086337190114984197e-01 3.693971911429502764e-02
4.283788892517635949e-01 4.089501954769479697e-02
3.787498657831662729e-01 3.845703106935104143e-02
3.066381748178814703e-01 7.239562294525619945e-02
